# t01
0.0,0.0,0.0
0.1,0.0106884300239,5.46504392327e-05
0.2,0.0425134632903,0.000473536159693
0.3,0.0911596538701,0.00156231385868
0.4,0.151736774784,0.00285884119028
0.5,0.212315134943,0.00409611309818
0.6,0.283011414985,0.00482136354824
0.7,0.353711410814,0.00484564837953
0.8,0.424402089632,0.00369763781602
0.9,0.495070962134,0.00159991064348
1.0,0.565705269624,-0.00144715441033
1.1,0.636326565517,-0.00478220559361
1.2,0.706954401414,-0.00797576107154
1.3,0.777612364443,-0.0104134363029
1.4,0.848304863774,-0.0114432607212
1.5,0.919003850945,-0.011064825726
1.6,0.989695894844,-0.0100041988433
1.7,1.06038636582,-0.00884346082797
1.8,1.13106596947,-0.00714533573106
1.9,1.20173983597,-0.00522320312088
2.0,1.27240725537,-0.00307708230619
2.1,1.34307883268,-0.00107254721865
2.2,1.41376953957,7.37331744708e-05
2.3,1.48446648712,0.000730702086914
2.4,1.55516641825,0.000632020359406
2.5,1.62586125636,-0.000222300734866
2.6,1.69654669967,-0.00165691001096
2.7,1.76723097298,-0.00314805300386
2.8,1.83791809191,-0.00449757781753
2.9,1.90861568896,-0.00508047636085
3.0,1.97931545006,-0.00489668008459
3.1,2.05000959532,-0.00398683091012
3.2,2.12070542157,-0.00321861852659
3.3,2.1914012777,-0.00245316056448
3.4,2.26209545836,-0.00154606574603
3.5,2.33278767978,-0.000497337712297
3.6,2.40348186044,0.000409757106153
3.7,2.47418050557,0.000847453181273
3.8,2.54488041062,0.000963322367932
3.9,2.61558008173,0.000747672358807
4.0,2.68627796438,0.000200507895533
4.1,2.75697680137,-0.000205013016884
4.2,2.82767570972,0.000187871161407
4.3,2.89836761852,0.00125746463534
4.4,2.9690561618,0.00253019785057
4.5,3.03974075581,0.00400606029698
4.6,3.11042816483,0.00534030395229
4.7,3.18112330117,0.00616957940391
4.8,3.25182287854,0.00641403702776
4.9,3.32252182425,0.00680014000904
5.0,3.39321985451,0.00732788679796
5.1,3.46390957547,0.00853343656907
5.2,3.53458322051,0.0104636950585
5.3,3.60523839085,0.0129810159285
5.4,3.67589846281,0.0153567748672
5.5,3.74656315276,0.0175909623384
5.6,3.81722322472,0.0199667212771
5.7,3.887845325,0.023284695349
5.8,3.95836663285,0.0283081543191
5.9,4.028670429,0.0357825269107
6.0,4.09867155986,0.0456987599875
6.1,4.16815051434,0.0587817598266
6.2,4.23678790857,0.0757345800578
6.3,4.30447392878,0.0961574267648
6.4,4.37114082111,0.119694959923
6.5,4.43664534323,0.14629660614
6.6,4.50113250695,0.175277560492
6.7,4.56469216551,0.206239792401
6.8,4.62731729408,0.239051120795
6.9,4.68894641783,0.273697060029
7.0,4.74952580678,0.310147404812
7.1,4.80923454744,0.348007096956
7.2,4.86824651204,0.386943943698
7.3,4.92695915044,0.426330693896
7.4,4.98497411012,0.466738050335
7.5,5.04227365176,0.508153657623
7.6,5.09934118462,0.549888375709
7.7,5.15667040776,0.591262886875
7.8,5.21424862546,0.632290180798
7.9,5.27199711712,0.673077454675
8.0,5.32991488222,0.713624001836
8.1,5.38827146015,0.753536403566
8.2,5.44708370861,0.792774260676
8.3,5.50668188095,0.830807770305
8.4,5.56722935732,0.867311100352
8.5,5.62868685929,0.902260570323
8.6,5.6913475674,0.935003900323
8.7,5.75532001481,0.965103999529
8.8,5.82071217467,0.991980670261
8.9,5.88739288037,1.01547904226
9.0,5.95518773252,1.03553765693
9.1,6.02374773918,1.05280078199
9.2,6.09290710899,1.06747973179
9.3,6.16256906379,1.07955044232
9.4,6.23267461864,1.0886992772
9.5,6.30310127421,1.09491025016
9.6,6.37372233368,1.09825030404
9.7,6.4444170715,1.09911288383
9.8,6.51511174376,1.09824494719
9.9,6.58578709501,1.09637820502
10.0,6.65642901438,1.09351303005
10.1,6.72705802506,1.09034556259
10.2,6.79765085017,1.08645415625
10.3,6.86823883676,1.08247594694
10.4,6.93884067923,1.07875172355
10.5,7.0094554637,1.07528153429
10.6,7.08006315397,1.07166987603
10.7,7.15061969022,1.0671681884
10.8,7.22110912282,1.06171567596
10.9,7.29144242135,1.05452421447
11.0,7.36157669314,1.04559818961
11.1,7.43155946623,1.03555321717
11.2,7.5013057733,1.02397985767
11.3,7.57092345858,1.01165638837
11.4,7.64056569409,0.999472422088
11.5,7.71023220026,0.987428007734
11.6,7.77987443576,0.975244041452
11.7,7.84951528248,0.963052139657
11.8,7.91911802916,0.950644575285
11.9,7.98874549458,0.938376484174
12.0,8.05839739925,0.926247915569
12.1,8.12808977243,0.914354088629
12.2,8.19779757795,0.902551044502
12.3,8.26748159628,0.890608365221
12.4,8.33705402514,0.878031913274
12.5,8.4065091005,0.864822730609
12.6,8.47599050092,0.851752726955
12.7,8.54544557628,0.83854354429
12.8,8.6148085289,0.824858851962
12.9,8.68419875944,0.811313155034
13.0,8.75361598938,0.797906507877
13.1,8.82300621992,0.784360810949
13.2,8.8922236818,0.769958277453
13.3,8.96142279638,0.755467848155
13.4,9.0306508035,0.741116087627
13.5,9.09990742527,0.726903053475
13.6,9.16928502836,0.713292829728
13.7,9.23863522426,0.69954363601
13.8,9.30779704768,0.684876251052
13.9,9.37692085314,0.670030729219
14.0,9.44600618183,0.65500716905
14.1,9.51491644951,0.639200050152
14.2,9.58370984728,0.622891818391
14.3,9.65253578036,0.606721446198
14.4,9.72151248916,0.591206819454
14.5,9.79063372616,0.576349343387
14.6,9.85972505764,0.561353413479
14.7,9.92866082326,0.54565786573
14.8,9.99727907985,0.52862774939
14.9,10.0657324933,0.510946680717
15.0,10.1340148884,0.492616254714
15.1,10.2023338713,0.47442266855
15.2,10.2708773446,0.457094014111
15.3,10.339593335,0.440462638145
15.4,10.4084341392,0.424355693286
15.5,10.477395755,0.408774115974
15.6,10.5463260148,0.393054406073
15.7,10.6150647411,0.376517250663
15.8,10.6835787622,0.359072511993
15.9,10.7519762058,0.341176151836
16.0,10.820254095,0.322828949106
16.1,10.8884044285,0.30401347536
16.2,10.9562578676,0.28415394886
16.3,11.023889658,0.263552227287
16.4,11.091412343,0.24259567667
16.5,11.158824061,0.221284874779
16.6,11.2263481918,0.200332983437
16.7,11.2941066615,0.180151809209
16.8,11.3620940253,0.160755717888
16.9,11.4303022977,0.142151375067
17.0,11.4987222588,0.124341295572
17.1,11.5674761638,0.107867360323
17.2,11.6365274762,0.0926882216121
17.3,11.7059504344,0.079311268187
17.4,11.7756988809,0.0677508095792
17.5,11.8457252945,0.0580147222181
17.6,11.9159901714,0.0501829227685
17.7,11.9785606992,0.044915834029
17.8,12.0363777477,0.041439689859
17.9,12.068633856,0.0399083307685
18.0,12.1009067113,0.038783880253
