# t05
0.0,0.0,0.0
0.1,0.0106884300239,5.46504392327e-05
0.2,0.0425134632903,0.000473536159693
0.3,0.0910495766069,0.00162249069387
0.4,0.139570940058,0.00328130992597
0.5,0.202317431397,0.00532194676411
0.6,0.273002716085,0.0067643504926
0.7,0.34369881598,0.00750695377446
0.8,0.414398615045,0.00733839435508
0.9,0.485090370296,0.00625870023159
1.0,0.555762619923,0.00427801026197
1.1,0.626426433302,0.00201626784934
1.2,0.697094636236,-0.000103895828728
1.3,0.76777446988,-0.00179242066063
1.4,0.838463297823,-0.00304924366316
1.5,0.909162926982,-0.00327823438715
1.6,0.979862686912,-0.00309399043866
1.7,1.05056111144,-0.00262200550319
1.8,1.12124982699,-0.00135887699177
1.9,1.19191998063,0.000695236903533
2.0,1.26258909395,0.00278483565944
2.1,1.33324044247,0.00540723008254
2.2,1.40387643041,0.00841508771542
2.3,1.47452252356,0.0111754359408
2.4,1.54517785465,0.0136882408716
2.5,1.61586169379,0.0151998241401
2.6,1.68655766149,0.0159549078598
2.7,1.75725759298,0.0160533357784
2.8,1.82795579212,0.0155487197812
2.9,1.89864711529,0.0144410965818
3.0,1.96934051569,0.0134751049162
3.1,2.04004041314,0.0133546873434
3.2,2.11073907287,0.0137900167549
3.3,2.1814384629,0.014083701283
3.4,2.25213829942,0.0142357397491
3.5,2.32283768944,0.0145294242772
3.6,2.39353329223,0.0153179334973
3.7,2.4642303329,0.0159648032498
3.8,2.5349303234,0.0159281702686
3.9,2.60562665577,0.0152080379775
4.0,2.67632137349,0.0143438125034
4.1,2.7470176808,0.0136212248757
4.2,2.81771752403,0.0137701111072
4.3,2.88841606935,0.014223642068
4.4,2.95911200404,0.0149818093372
4.5,3.02980931583,0.0155983365347
4.6,3.10050525053,0.0163565038038
4.7,3.17120256232,0.0169730310014
4.8,3.24190254916,0.0170161573188
4.9,3.31260056049,0.0164858799195
5.0,3.38329949234,0.016097246295
5.1,3.4539990079,0.0163589699123
5.2,3.52469745474,0.0168276007982
5.3,3.59538823996,0.0179690406693
5.4,3.66606496085,0.0197831861414
5.5,3.73674517452,0.0214557279172
5.6,3.80742970485,0.0229346366377
5.7,3.87811924483,0.0241507523908
5.8,3.94880620646,0.0255084914415
5.9,4.01949030601,0.0270078483397
6.0,4.09017726764,0.0283655873904
6.1,4.16087415783,0.0290286990977
6.2,4.23157414944,0.0290631521971
6.3,4.30227410663,0.028985346833
6.4,4.37297385115,0.0287952832014
6.5,4.44367383457,0.0287468661343
6.6,4.5143703358,0.0294502257852
6.7,4.58505768916,0.0307874148321
6.8,4.6557475797,0.0319829798379
6.9,4.72643972366,0.0330369160036
7.0,4.7971296142,0.0342324810094
7.1,4.86779747031,0.0363641735893
7.2,4.93838205282,0.0404023305041
7.3,5.00882977092,0.0463696594455
7.4,5.07908790764,0.0542616949817
7.5,5.14897081614,0.0649793952973
7.6,5.21828943578,0.0788869102055
7.7,5.26542768949,0.0888657325732
7.8,5.30165397969,0.09645877282
7.9,5.33789540976,0.103979218842
8.0,5.38761547526,0.114400558051
8.1,5.4406360208,0.126386945931
8.2,5.48480700131,0.137742699075
8.3,5.5285410866,0.150689342017
8.4,5.57177832231,0.16520923274
8.5,5.60973284223,0.179825545923
8.6,5.63415935749,0.190157556986
8.7,5.63415935749,0.190157556986
8.8,5.63415935749,0.190157556986
8.9,5.63415935749,0.190157556986
9.0,5.63415935749,0.190157556986
9.1,5.63415935749,0.190157556986
9.2,5.63415935749,0.190157556986
9.3,5.61380004335,0.181244596514
9.4,5.59355360561,0.172078119799
9.5,5.55635368371,0.156319762936
9.6,5.51895669989,0.141034946906
9.7,5.48117422163,0.126729551538
9.8,5.4431151454,0.113177182146
9.9,5.40479447774,0.100383182376
10.0,5.3662880645,0.0881595929059
10.1,5.32763844276,0.0763966536576
10.2,5.28896790863,0.0647026470683
10.3,5.25014125698,0.0535379204233
10.4,5.21116573163,0.0429045567111
10.5,5.17206229876,0.0327516488545
10.6,5.13288253117,0.0228974207481
10.7,5.13409868006,0.0230938543023
10.8,5.15284005445,0.0244854373014
10.9,5.1716316897,0.024261691628
