# t07
0.0,0.0,0.0
0.1,0.0115369082166,7.82865776394e-05
0.2,0.0349384678963,0.000431137488181
0.3,0.0754646317029,0.000822191823415
0.4,0.128572757557,0.00144106864742
0.5,0.181679536911,0.0021663457922
0.6,0.242275422716,0.00287247858736
0.7,0.302875247582,0.0027267864102
0.8,0.363472133843,0.00211247749659
0.9,0.424062457754,0.00102958858273
1.0,0.48464635652,-0.000367268698124
1.1,0.545232932284,-0.00164274398147
1.2,0.60581683105,-0.00303960126232
1.3,0.666397809637,-0.00455783493373
1.4,0.726981708403,-0.00595469221458
1.5,0.787571902662,-0.00704481135614
1.6,0.848171385038,-0.00729528236717
1.7,0.908770289219,-0.00693084855074
1.8,0.969361016586,-0.00587077439985
1.9,1.02994829124,-0.00462894132329
2.0,1.09053156796,-0.00320536049653
2.1,1.15109916523,-0.00122390607983
2.2,1.21167061075,0.000636197825977
2.3,1.27225894881,0.00182501719776
2.4,1.33285632075,0.00238938764816
2.5,1.39345629091,0.00232924923897
2.6,1.45405625993,0.00239052234337
2.7,1.51465185611,0.00312108639524
2.8,1.57524015795,0.00431175015828
2.9,1.63581767199,0.00596244497992
3.0,1.69639306652,0.00768916917533
3.1,1.75697179896,0.00929452774931
3.2,1.81756216987,0.0103747837505
3.3,1.87816162293,0.0106322495954
3.4,1.93876158819,0.0105673562821
3.5,1.99936035086,0.0101801056471
3.6,2.05995976776,0.00991426476295
3.7,2.12055861425,0.0102881683223
3.8,2.18115265758,0.0111378231744
3.9,2.24174569919,0.0120561414568
4.0,2.30233766127,0.0130431219901
4.1,2.36293147915,0.0139087051937
4.2,2.42353069327,0.0142173299529
4.3,2.48413033727,0.0144250468149
4.4,2.5447294435,0.0147541739995
4.5,2.6053277687,0.0152047101855
4.6,2.66591928032,0.0162189679646
4.7,2.72650895737,0.0173374647875
4.8,2.78710075371,0.0183345685948
4.9,2.84769976296,0.0186810927312
5.0,2.90829899996,0.0183769972535
5.1,2.96889477358,0.0176613016277
5.2,3.02949185946,0.0170670104234
5.3,3.09009168975,0.0172104283303
5.4,3.15068434365,0.0181539819026
5.5,3.21125925696,0.0198975066339
5.6,3.27183128183,0.0217386483974
5.7,3.33240687384,0.0234584310609
5.8,3.39299905363,0.024431954424
5.9,3.45359885659,0.0245864926889
6.0,3.51419521351,0.0239220176277
6.1,3.57478918415,0.0230671942427
6.2,3.6353847458,0.0223337719463
6.3,3.69598458198,0.0224746792196
6.4,3.7565596076,0.0242142972764
6.5,3.81706765371,0.027551415092
6.6,3.87739708831,0.0332714955883
6.7,3.93740430238,0.0417269234474
6.8,3.99690336028,0.0532257107226
6.9,4.05583896062,0.0673308520865
7.0,4.11409698999,0.0840150366164
7.1,4.17174733754,0.102691155788
7.2,4.2196141019,0.119012730649
7.3,4.25964498301,0.132633811084
7.4,4.29329850181,0.143637870114
7.5,4.32708114357,0.154238896377
7.6,4.37386601242,0.169023062259
7.7,4.43136056267,0.188173432805
7.8,4.48829400744,0.208932596251
7.9,4.54451838017,0.231541884409
8.0,4.59997357713,0.255977128002
8.1,4.65458611042,0.282241765974
8.2,4.70853715264,0.309839683362
8.3,4.76184971848,0.338651665646
8.4,4.81478637262,0.368148625635
8.5,4.8673383147,0.398325659666
8.6,4.91929196007,0.429521472426
8.7,4.970784313,0.461472960489
8.8,5.0220666809,0.493760399883
8.9,5.07310611978,0.526430503623
9.0,5.1238997743,0.559481444014
9.1,5.14112176012,0.570963120918
9.2,5.14092128629,0.570831522745
9.3,5.1600389754,0.583435935075
9.4,5.18707038048,0.601448709487
9.5,5.21401312791,0.61959382628
9.6,5.25143446093,0.645321290747
9.7,5.29611869723,0.676789371041
9.8,5.34573524521,0.711582447461
9.9,5.39565361425,0.745941091671
10.0,5.44587000067,0.779862685601
10.1,5.49637579551,0.813351858289
10.2,5.5474375212,0.845987117901
10.3,5.59912409385,0.877623461044
10.4,5.65163476574,0.907872251722
10.5,5.70493229625,0.936712037464
10.6,5.75902885888,0.964023608501
10.7,5.8139900576,0.989550587066
10.8,5.86979739778,1.01317051049
10.9,5.92644417373,1.03469962507
11.0,5.98385208523,1.05410817208
11.1,6.04206772047,1.07093968458
11.2,6.10099600882,1.08507534278
11.3,6.16044735111,1.09681833643
11.4,6.22030358728,1.10628358818
11.5,6.28047748369,1.11345730351
11.6,6.34083755955,1.11884444017
11.7,6.40132921834,1.1224664861
11.8,6.46188153523,1.1248700085
11.9,6.52246225905,1.12639837429
12.0,6.5830587419,1.1270512644
12.1,6.64365108654,1.12608805582
12.2,6.70420829924,1.1238112179
12.3,6.76470175266,1.12021926957
12.4,6.82512931666,1.11565095377
12.5,6.88547523364,1.11010746177
12.6,6.94572978569,1.10364611846
12.7,7.00586915126,1.09618845741
12.8,7.0659752804,1.08846749632
12.9,7.12612331858,1.08108010819
13.0,7.18631141457,1.07402652038
13.1,7.24648525798,1.06685236051
13.2,7.30659161901,1.05913320495
13.3,7.36660005987,1.05068648809
13.4,7.42650194547,1.04151456888
13.5,7.48628851206,1.03161878918
13.6,7.54607172979,1.02170279819
13.7,7.60587469412,1.01190660214
13.8,7.66575916769,1.00262167751
13.9,7.7256890328,0.993634393857
14.0,7.78566281012,0.98494497303
14.1,7.84561905791,0.976135412821
14.2,7.90553410311,0.967049855088
14.3,7.96534278813,0.957288646347
14.4,8.02505823838,0.946972396987
14.5,8.08467530306,0.936101996845
14.6,8.14431402682,0.925351060672
14.7,8.2040316287,0.915047273738
14.8,8.26372846721,0.904623863907
14.9,8.32327700302,0.89338411828
15.0,8.38266607356,0.88133014379
15.1,8.44192766209,0.86866427924
15.2,8.50121450761,0.856117170071
15.3,8.56064574021,0.844272821552
15.4,8.6201189049,0.83264085348
15.5,8.67963324274,0.821221414294
15.6,8.73912458241,0.809682761686
15.7,8.79845146346,0.797326338839
15.8,8.85773806457,0.784778074852
15.9,8.917049687,0.772348616122
16.0,8.97638609268,0.76003801254
16.1,9.03585665942,0.748392769241
16.2,9.09541699991,0.737215746334
16.3,9.15503299344,0.726339473272
16.4,9.21462707682,0.715343782032
16.5,9.27419901085,0.704228716751
16.6,9.33360535456,0.692260160975
16.7,9.3927095927,0.678879240453
16.8,9.45172368523,0.665106191304
16.9,9.51076525347,0.651451403901
17.0,9.56983406044,0.637914933054
17.1,9.62900974653,0.624853609375
17.2,9.68826347259,0.612151013286
17.3,9.74749163022,0.599329728485
17.4,9.80653835251,0.585697245682
17.5,9.86539252971,0.571256129855
17.6,9.92402129355,0.555925505284
17.7,9.98244823204,0.539842817123
17.8,10.0406591315,0.522994933338
17.9,10.098856415,0.506100076264
18.0,10.1570400446,0.489158256905
18.1,10.2152575002,0.472333041828
18.2,10.2736951778,0.456289418796
18.3,10.3323414278,0.441025822941
18.4,10.391092096,0.426169208738
18.5,10.4499443581,0.411720290371
18.6,10.5087675539,0.397153491126
18.7,10.5675207755,0.382306978096
18.8,10.6260537033,0.366614420527
18.9,10.6843615365,0.350105132665
19.0,10.7424328796,0.33278234104
19.1,10.8004409406,0.315248805734
19.2,10.8584840134,0.297831524147
19.3,10.9164920744,0.280297988841
19.4,10.9745351472,0.262880707255
19.5,11.0326129989,0.245579749301
19.6,11.0906560717,0.228162467715
19.7,11.1486375188,0.210541122924
19.8,11.2066021388,0.192864504888
19.9,11.2646020575,0.175304053827
20.0,11.3226370418,0.157859840226
20.1,11.3808412998,0.140989026584
20.2,11.4392555909,0.124860461968
20.3,11.4979965929,0.109965674884
20.4,11.5571151804,0.0966482946118
20.5,11.6165690023,0.084917861376
20.6,11.6763418438,0.0749395142421
20.7,11.7363825607,0.0667253610114
20.8,11.7964415106,0.0603142421375
20.9,11.8559214754,0.0557164589086
21.0,11.9155103152,0.052857091114
21.1,11.9373630568,0.0520553236781
