# t1
5.5215398406,0.883246569529
5.52566447372,0.892480195302
5.53361636454,0.909842416366
5.5493399637,0.942429867021
5.57331947071,0.9880109328
5.59886782699,1.0327315299
5.63075855106,1.08565859348
5.66881377775,1.1449840875
5.70832813391,1.20361092143
5.74867420415,1.26166851884
5.78984378944,1.31914508142
5.83140625335,1.37633818934
5.87328690925,1.43329870779
5.91583644886,1.4897613209
5.95931156999,1.54551438218
6.00370044241,1.60054272038
6.04845703896,1.65527239301
6.09353801215,1.70973518633
6.13898688202,1.76389135151
6.18425003023,1.81820283662
6.22932692596,1.87266900475
6.27451285361,1.92704475249
6.32016712111,1.98102787818
6.36627265646,2.03462610213
6.4122707158,2.08831659046
6.4581611145,2.14209912765
6.50371599125,2.19616615276
6.54887905151,2.25056089504
6.59353924634,2.30536926117
6.63754655996,2.36070321411
6.6808948075,2.41655497716
6.72323145271,2.47317739738
6.76408419856,2.53087959107
6.80288362613,2.58998199728
6.83980802234,2.65027361333
6.87482096901,2.71169497415
6.90739182965,2.77444550432
6.936850893,2.83871566526
6.96311859925,2.90435481217
6.98612879924,2.97120554663
7.00582588677,3.03910631792
7.01797586452,3.08719670476
7.02753932917,3.12993308963
7.03461082998,3.16505023152
7.03872968177,3.18709265518
7.0425399512,3.20919051091
