# t12
0.0,0.0,0.0
0.1,0.0115369082166,7.82865776394e-05
0.2,0.0349384678963,0.000431137488181
0.3,0.0750769274975,0.00125130133373
0.4,0.130049142294,0.00190616655936
0.5,0.185024940966,0.00209273683177
0.6,0.245617426842,0.00113845420665
0.7,0.3061805472,-0.000975417234006
0.8,0.36671152753,-0.00386685637401
0.9,0.427221766022,-0.00716398204925
1.0,0.487708543741,-0.0108666461085
1.1,0.548202618312,-0.0144481181235
1.2,0.608741349426,-0.0171724593551
1.3,0.669312593145,-0.0190391233062
1.4,0.729906531427,-0.0198962367424
1.5,0.790505151879,-0.0203051369395
1.6,0.851102928598,-0.0197860447237
1.7,0.911685651369,-0.0183390818225
1.8,0.972260469557,-0.016592255704
1.9,1.03282589895,-0.0145456091693
2.0,1.09339530723,-0.012620308933
2.1,1.15398352066,-0.0114251546646
2.2,1.21457961717,-0.0107373410341
2.3,1.27517934858,-0.0105569162616
2.4,1.33577859689,-0.0102550809366
2.5,1.39637711885,-0.00983183627077
2.6,1.45697636715,-0.00953000094581
2.7,1.51757621483,-0.00966587684928
2.8,1.5781762131,-0.00968034133255
2.9,1.63877255842,-0.00901480833363
3.0,1.69935762071,-0.00766936165396
3.1,1.75992377134,-0.00564417070719
3.2,1.82048661927,-0.00352250853556
3.3,1.88105359638,-0.00152218764099
3.4,1.94163938446,-0.000209829857492
3.5,2.00223616938,0.000414395551992
3.6,2.06283616362,0.000440813903527
3.7,2.12343589246,0.000259529244647
3.8,2.18403586288,0.000199655859024
3.9,2.24463249068,0.000838952066582
4.0,2.30521770948,0.00217733276687
4.1,2.36579754031,0.00374069365757
4.2,2.42636513006,0.0057223777036
4.3,2.48693656853,0.00758271125332
4.4,2.54752449617,0.00879226688602
4.5,2.60812192123,0.00935090502116
4.6,2.66872142136,0.00959704102822
4.7,2.72932030675,0.0099645869925
4.8,2.78991980689,0.0102107229996
4.9,2.85051947752,0.0100109236566
5.0,2.91111603716,0.00936519978261
5.1,2.97171376889,0.0088408817646
5.2,3.03231328022,0.00908424576468
5.3,3.09291187464,0.00949698654742
5.4,3.15350886654,0.0101007844856
5.5,3.21410365357,0.0108956335771
5.6,3.27469991146,0.0115690800647
5.7,3.3352995104,0.0117895522656
5.8,3.39589854601,0.0121314346731
5.9,3.45648965797,0.0131692933908
6.0,3.51706485332,0.0149029915076
6.1,3.57763935075,0.0166609052944
6.2,3.63821724857,0.0182974551946
6.3,3.69881045266,0.0192049890349
6.4,3.75940583921,0.01995273853
6.5,3.82000298686,0.0205406984802
6.6,3.88059883492,0.0212500629885
6.7,3.94117776039,0.0228481206739
6.8,4.00169214594,0.0260682358364
6.9,4.06203666846,0.0316268868884
7.0,4.12212099088,0.0395157524073
7.1,4.18172828447,0.0504396047852
7.2,4.24061897451,0.0647310926914
7.3,4.2986787574,0.0820925906509
7.4,4.35578646341,0.102367449826
7.5,4.41179600749,0.125503805873
7.6,4.46678575211,0.150969233166
7.7,4.52095182499,0.178142686186
7.8,4.55538987643,0.195290574307
7.9,4.58025682974,0.207082053849
8.0,4.6053457226,0.218393632494
8.1,4.644418778,0.235798209987
8.2,4.66805370878,0.246382876861
8.3,4.68166379874,0.25280436762
8.4,4.70756621848,0.265953051772
8.5,4.73307817266,0.279844179787
8.6,4.71437904327,0.269711117535
8.7,4.67889775751,0.250391739678
8.8,4.67004565965,0.245527550133
8.9,4.67907827678,0.250661514287
9.0,4.68803608646,0.255924916798
9.1,4.73946237959,0.287982620618
9.2,4.78979197858,0.321736012527
9.3,4.83939101126,0.356554053213
