# t2
7.0425399512,3.20919051091
7.04435934795,3.21979685751
7.04615522868,3.23034500439
7.0514643555,3.26135502098
7.05939599014,3.30683239867
7.067468961,3.35228489971
7.0786980973,3.41050966766
7.09183092491,3.47608598491
7.10581337129,3.54538952878
7.1203498251,3.61457898976
7.13543935589,3.68364993923
7.15148030138,3.75250615222
7.16765569596,3.82133090511
7.18353346811,3.89022492772
7.19910342081,3.95918916899
7.21436524353,4.02822225357
7.22942671347,4.09729932736
7.24462654837,4.16634608702
7.25968801831,4.23542316081
7.27488785321,4.30446992046
7.29022599204,4.37348608884
7.30542582694,4.44253284849
7.32076396577,4.51154901687
7.3367749834,4.58041219509
7.35363822413,4.64907165264
7.37135109771,4.7175168432
7.39007521099,4.78569233426
7.40977910085,4.85359113193
7.42995296622,4.921351778
7.45046411319,4.98901109258
7.47131203281,5.05656739686
7.49202456226,5.12416533413
7.51216518906,5.1919358672
7.53244155298,5.25966591272
7.55258217978,5.32743644579
7.57258698861,5.39524719437
7.59252508635,5.4630775877
7.61237043934,5.5309351736
7.63192381587,5.59887746872
7.65085140569,5.66699674898
7.66915160731,5.73528725067
7.68598317798,5.80395447887
7.70122667783,5.87299161172
7.71449426778,5.94243555355
7.7257678422,6.01223094394
7.73503815484,6.08232053877
7.7417097474,6.15270505307
7.74566990574,6.22329405466
7.74705318106,6.28364821559
7.74678389799,6.33081930777
7.74516469014,6.37796337014
7.74417802133,6.39863264913
