# t2
9.53674316406e-07,7.68464757991,0.0581479204368
0.10077381134,7.68464757991,0.0581479204368
0.205001831055,7.68464757991,0.0581479204368
0.300808906555,7.68464757991,0.0581479204368
0.400306940079,7.68464757991,0.0581479204368
0.500221014023,7.68464757991,0.0581479204368
0.600026845932,7.68464757991,0.0581479204368
0.700344800949,7.68464757991,0.0581479204368
0.799991846085,7.68464757991,0.0581479204368
0.899132013321,7.68464757991,0.0581479204368
0.999256849289,7.68464757991,0.0581479204368
1.10022997856,7.68464757991,0.0581479204368
1.20013284683,7.68464757991,0.0581479204368
1.30058789253,7.68464757991,0.0581479204368
1.40081191063,7.68464757991,0.0581479204368
1.50037789345,7.68464757991,0.0581479204368
1.60039901733,7.68464757991,0.0581479204368
1.7032148838,7.68464757991,0.0581479204368
1.802932024,7.68464757991,0.0581479204368
1.90013790131,7.68464757991,0.0581479204368
2.00088596344,7.68464757991,0.0581479204368
2.1008079052,7.68464757991,0.0581479204368
2.20019292831,7.68464757991,0.0581479204368
2.29973387718,7.68464757991,0.0581479204368
2.3998439312,7.68464757991,0.0581479204368
2.50203180313,7.68464757991,0.0581479204368
2.60178494453,7.68464757991,0.0581479204368
2.70132184029,7.68464757991,0.0581479204368
2.80112195015,7.68464757991,0.0581479204368
2.9008409977,7.68464757991,0.0581479204368
3.00090098381,7.68464757991,0.0581479204368
3.10433697701,7.68464757991,0.0581479204368
3.1995279789,7.68464757991,0.0581479204368
3.3028178215,7.68464757991,0.0581479204368
3.40059399605,7.68464757991,0.0581479204368
3.50033092499,7.68464757991,0.0581479204368
3.60016393661,7.68464757991,0.0581479204368
3.70032501221,7.68464757991,0.0581479204368
3.80015587807,7.68464757991,0.0581479204368
3.90011787415,7.68464757991,0.0581479204368
3.99971699715,7.68464757991,0.0581479204368
4.10004496574,7.68464757991,0.0581479204368
4.20200991631,7.68464757991,0.0581479204368
4.30069994926,7.68464757991,0.0581479204368
4.40016484261,7.68464757991,0.0581479204368
4.50020289421,7.68464757991,0.0581479204368
4.60134196281,7.68464757991,0.0581479204368
4.70038795471,7.68464757991,0.0581479204368
4.80027198792,7.68464757991,0.0581479204368
4.90073299408,7.68464757991,0.0581479204368
5.00039792061,7.68464757991,0.0581479204368
5.09953379631,7.68464757991,0.0581479204368
5.20035886765,7.68464757991,0.0581479204368
5.30041885376,7.68464757991,0.0581479204368
5.39916396141,7.68464757991,0.0581479204368
5.499740839,7.68464757991,0.0581479204368
5.59900379181,7.68464757991,0.0581479204368
5.69873189926,7.68464757991,0.0581479204368
5.79876494408,7.68464757991,0.0581479204368
5.89883589745,7.68464757991,0.0581479204368
5.99888682365,7.68464757991,0.0581479204368
6.09871602058,7.68464757991,0.0581479204368
6.19869089127,7.68464757991,0.0581479204368
6.29889893532,7.68464757991,0.0581479204368
6.40423989296,7.68464757991,0.0581479204368
6.49890780449,7.68464757991,0.0581479204368
6.5986828804,7.68464757991,0.0581479204368
6.69877696037,7.68464757991,0.0581479204368
6.79860091209,7.68464757991,0.0581479204368
6.8985619545,7.68464757991,0.0581479204368
6.99898481369,7.68464757991,0.0581479204368
7.09858798981,7.68464757991,0.0581479204368
7.19957685471,7.68464757991,0.0581479204368
7.29839992523,7.68464757991,0.0581479204368
7.40400791168,7.68464757991,0.0581479204368
7.49953699112,7.68464757991,0.0581479204368
7.59974694252,7.68464757991,0.0581479204368
7.69879102707,7.68464757991,0.0581479204368
7.79962396622,7.68464757991,0.0581479204368
7.89991593361,7.68464757991,0.0581479204368
8.00089502335,7.68464757991,0.0581479204368
8.10535979271,7.68464757991,0.0581479204368
8.20092701912,7.68464757991,0.0581479204368
8.30053901672,7.68464757991,0.0581479204368
8.39889383316,7.68464757991,0.0581479204368
8.49929189682,7.68464757991,0.0581479204368
8.5993039608,7.68464757991,0.0581479204368
8.69922399521,7.68464757991,0.0581479204368
8.79865384102,7.68464757991,0.0581479204368
8.90020489693,7.69583089047,0.0584655364103
8.99968695641,7.70701208181,0.0588506018109
9.09849381447,7.73963186634,0.0601296523171
9.19943380356,7.78659890031,0.0617922723113
9.29993581772,7.84604669944,0.0640159689163
9.39901399612,7.91582432772,0.0664860776315
9.49924182892,7.9856067648,0.0688163826562
9.59882092476,8.05628084836,0.070730517636
9.69872784615,8.12696738948,0.0721099757163
9.79976797104,8.197651025,0.0736310507581
9.89986991882,8.26831781453,0.0757978128615
10.0002958775,8.3389618599,0.0786100811792
10.1004099846,8.40961139784,0.0812808092624
10.1994018555,8.4802864479,0.0831589200278
10.2992408276,8.55097797995,0.0842531298899
10.3991928101,8.62167326945,0.0850692443357
10.5043468475,8.69237122239,0.0856072507357
10.6030669212,8.76306795554,0.0862868986495
10.7001049519,8.83375482485,0.0876494356571
10.8032000065,8.90442763649,0.0896099699491
10.8995649815,8.97510008111,0.091583690375
11.0001549721,9.04577215623,0.0935705968658
11.0998380184,9.11644807027,0.0954159086214
11.1988840103,9.18712014539,0.0974028151123
11.2988100052,9.25779605943,0.0992481268678
11.4005849361,9.32847932256,0.100786409315
11.4988498688,9.39916860101,0.102017633426
11.5998318195,9.4698671115,0.102476560119
11.6992888451,9.54056700978,0.102356629826
11.7993028164,9.61126700645,0.102378346265
11.8991668224,9.68196326954,0.10310524719
11.999516964,9.75264876549,0.10453726028
12.1004498005,9.8233181147,0.106618866022
12.2014849186,9.89399149255,0.108558882299
12.300110817,9.96467548505,0.110063277468
12.3989808559,10.0353724822,0.110714882762
12.4999158382,10.1060721957,0.110513603355
12.5987458229,10.1767714475,0.110188340147
12.6997129917,10.2474712091,0.110004722786
12.7990188599,10.3181703871,0.110345635629
12.8992710114,10.3888620837,0.111429163745
12.9993839264,10.4595384987,0.113255187577
13.098900795,10.5302184303,0.114939608302
13.1988999844,10.6009157498,0.115555250098
13.3034498692,10.6716043718,0.114286899174
13.3996679783,10.7421935442,0.11032978606
13.4988629818,10.8125810323,0.103689641858
13.5987899303,10.8825799341,0.0937576861593
13.699723959,10.9521240075,0.0810253706708
13.7993838787,11.0210934593,0.0654785148144
13.9015398026,11.0894243469,0.047329691124
13.9993758202,11.1570185448,0.0266049619246
14.0997188091,11.2239024067,0.00369123187715
14.2015638351,11.2901344076,-0.0210436028003
14.2992458344,11.3556921656,-0.047513781816
14.3997039795,11.4205542141,-0.0756456971608
14.5003199577,11.4846784401,-0.105421083572
14.6006360054,11.5483748259,-0.136101051679
14.6996128559,11.6117514856,-0.167436159863
14.8010029793,11.6277887548,-0.17559281295
14.899545908,11.6232693196,-0.173249237962
15.0005288124,11.6187684735,-0.170870157684
15.0990719795,11.6213503371,-0.172309243586
15.2000408173,11.6068931693,-0.163973074692
15.3005239964,11.5866890474,-0.152298176106
15.3990190029,11.583765746,-0.150591520964
15.500082016,11.5808500838,-0.148871847399
15.5993559361,11.5974656955,-0.158765706397
15.7000420094,11.6267869546,-0.176383053133
15.7998628616,11.6498831199,-0.190707155208
15.8988819122,11.6745906063,-0.20616012487
16.0003948212,11.699239543,-0.221706316507
16.0989239216,11.7340278069,-0.243941814662
16.2009439468,11.7936208826,-0.281983309458
16.301751852,11.8538163312,-0.31906427453
16.3993968964,11.8983065024,-0.34605987164
16.4988210201,11.9429770947,-0.372755859703
16.5994470119,11.9968211907,-0.403730886223
16.6992177963,12.0571657834,-0.437845760088
16.7999098301,12.119298329,-0.471580560812
16.8992698193,12.182344157,-0.503576084961
17.000674963,12.2462545919,-0.533807629854
17.1015238762,12.3113094098,-0.561490849826
17.1992809772,12.377541689,-0.586224939493
17.2995009422,12.4450390762,-0.607262827482
17.4000828266,12.5134579119,-0.625077229363
17.4989759922,12.5826443452,-0.639628086513
17.5989508629,12.6525325127,-0.650311440168
17.6989398003,12.7228751088,-0.657411382111
17.7992558479,12.7934641852,-0.661370206587
17.899545908,12.8641479092,-0.662887164267
18.0015518665,12.9348418353,-0.66196044285
18.0994930267,13.0054637844,-0.658639250927
18.1994059086,13.0758876556,-0.652396786634
18.3024089336,13.14602816,-0.643519870102
18.4013328552,13.2157858474,-0.632015303596
18.499243021,13.2850623145,-0.61789931597
18.59938097,13.3539191956,-0.601861238715
18.6990389824,13.4223008928,-0.583904805669
18.799435854,13.4901792792,-0.564130715256
18.8989508152,13.5575973986,-0.542840173032
18.9987828732,13.6245213767,-0.520043876347
19.0994029045,13.6911747999,-0.496468228176
19.1992440224,13.7577156387,-0.472576665619
19.298897028,13.8241958634,-0.448516953967
19.3988900185,13.8908811517,-0.425031589716
19.4990019798,13.9577665415,-0.402122320359
19.5991888046,14.0250013683,-0.380259839611
19.6989378929,14.0926079491,-0.359575540352
19.7989490032,14.1603659586,-0.339392821407
19.8988108635,14.2280833963,-0.31907439052
19.9984228611,14.2957599903,-0.298620329249
20.0989189148,14.3633433802,-0.27786038185
20.1988728046,14.4308148953,-0.256739665656
20.2992238998,14.4981484403,-0.235183142081
20.39990592,14.5651885634,-0.212730705599
20.5009829998,14.6319233443,-0.189386348365
20.6029098034,14.6985746995,-0.165804854541
20.7000110149,14.7652731662,-0.142356943322
20.7997708321,14.8321632139,-0.11946127736
20.9001708031,14.8994810434,-0.0978557266168
21.001324892,14.9672017748,-0.0775482763001
21.0997648239,15.0350836086,-0.0577860232807
21.2013688087,15.1029257127,-0.037887809395
21.3010759354,15.1707339445,-0.0178744712662
21.3998398781,15.2385821367,0.00200297362808
21.4993247986,15.3064700169,0.0217444455003
21.6004447937,15.3746136376,0.0405842160844
21.6994798183,15.4431965817,0.0577559889733
21.7994890213,15.5120013878,0.0740160213125
21.900094986,15.5810812483,0.089064705036
22.0003778934,15.6504148383,0.102897394656
22.0996239185,15.7198359781,0.116283780965
22.1993470192,15.7894782851,0.128467339017
22.2985398769,15.8594356913,0.13868748148
22.3990459442,15.9296720537,0.146771007369
22.5001709461,16.0001221319,0.152710408138
22.5986409187,16.0706928226,0.156984471738
22.7000880241,16.1413273136,0.160027279773
22.7994089127,16.2119992027,0.162020793218
22.8989238739,16.2826807592,0.163635590995
23.0000629425,16.3533699536,0.16487162674
23.0997819901,16.4240651914,0.165692207866
23.2005689144,16.4947558865,0.166839219309
23.3003768921,16.5654350523,0.168555468265
23.4027109146,16.6361175149,0.170130108823
23.4988210201,16.7068029903,0.171563134662
23.6010038853,16.7774971047,0.172475379979
23.7005629539,16.8481931172,0.17322625502
23.7992568016,16.9188874835,0.17411876726
23.9002678394,16.9895690362,0.175733728935
23.999712944,17.0602303927,0.178070971361
24.1004400253,17.1308638406,0.181137897503
24.2004590034,17.2014962697,0.184228198922
24.2990188599,17.2721347484,0.187176982822
24.3990249634,17.3428057459,0.189201856616
24.4997079372,17.4134971784,0.190302474081
24.6003417969,17.4841908102,0.191251384021
24.7010040283,17.5548869409,0.191991044543
24.8009769917,17.6255814479,0.192872342524
24.8997368813,17.6962626477,0.194502676469
24.9997429848,17.7669226044,0.196881863324
25.1018669605,17.8375815441,0.199291061823
25.2002298832,17.9082451688,0.201558691056
25.2991948128,17.9789204174,0.203429314017
25.4005038738,18.0495917765,0.20544153033
25.5008130074,18.1202589622,0.207595331917
25.5999059677,18.1909183451,0.209991495728
25.7005779743,18.261582387,0.212246089412
25.801651001,18.3322678345,0.213680492162
25.9005668163,18.4029663169,0.214143726598
26.0000548363,18.4736644916,0.213635705296
26.1009089947,18.5443603096,0.212866733593
26.2006390095,18.6150575264,0.212239401749
26.3012518883,18.6857570232,0.212506143019
26.3996238708,18.7564475499,0.213663483852
26.5012998581,18.827117888,0.215711240583
26.5995819569,18.8977829769,0.217932773379
26.6996259689,18.9684523748,0.220012724967
26.7990188599,19.0391411361,0.221273292102
26.9017379284,19.1098389647,0.221827395757
27.0000829697,19.1805388004,0.221674980597
27.1003417969,19.2512387996,0.221664212107
27.2004098892,19.3219383166,0.221925534251
27.298899889,19.3926347398,0.222636697348
27.3989858627,19.4633176051,0.224193152579
27.4995629787,19.533976806,0.226594677398
27.6023390293,19.6046309314,0.229141160577
27.6997549534,19.6752900167,0.231546083859
27.8002970219,19.745944142,0.234092567038
27.8998827934,19.8165905367,0.236845186871
27.9982719421,19.8872285994,0.239803919925
28.101859808,19.9578724481,0.242621124437
28.2003598213,20.0285335021,0.244967492772
28.2997579575,20.0991897134,0.247455425066
28.4017679691,20.1698507674,0.249801793401
28.4993247986,20.2405163806,0.25200658836
28.5989379883,20.3111774346,0.254352956696
28.6996879578,20.3818430477,0.256557751655
28.7992208004,20.4525161326,0.258508411699
28.8993668556,20.5231967206,0.26016505892
28.9993419647,20.5938835886,0.261527664648
29.0986349583,20.6645675847,0.263031888027
29.1994199753,20.7352325005,0.2652589226
29.2990128994,20.8058911929,0.267675364203
29.3989188671,20.8765336166,0.27052807662
29.5000178814,20.947157078,0.273816951075
29.6006770134,21.0177869869,0.276964325578
29.700373888,21.0884363894,0.279638636213
29.8016109467,21.1590957998,0.282033990818
29.899876833,21.2297637217,0.284163499127
29.9999258518,21.300439155,0.286027130999
30.1002159119,21.3338762751,0.286901755589
30.1989037991,21.3338762751,0.286901755589
30.3015458584,21.3338762751,0.286901755589
30.3995428085,21.3338762751,0.286901755589
30.4992799759,21.3338762751,0.286901755589
30.6071689129,21.3338762751,0.286901755589
30.701196909,21.3338762751,0.286901755589
30.7991518974,21.3338762751,0.286901755589
30.8996379375,21.3338762751,0.286901755589
30.9990429878,21.3338762751,0.286901755589
31.0998518467,21.3338762751,0.286901755589
31.2006700039,21.3338762751,0.286901755589
31.3000609875,21.3338762751,0.286901755589
