0.0,0.0,0.0
0.1,0.05999999999999999,0.0
0.2,0.11999999999999998,0.0
0.30000000000000004,0.18,0.0
0.4,0.23999999999999996,0.0
0.5,0.29999999999999993,0.0
0.6,0.36,0.0
0.7,0.42,0.0
0.7999999999999999,0.4799999999999999,0.0
0.8999999999999999,0.5399999999999999,0.0
0.9999999999999999,0.5999999999999999,0.0
1.0999999999999999,0.6599999999999999,0.0
1.2,0.72,0.0
1.3,0.7799999999999999,0.0
1.4000000000000001,0.84,0.0
1.5000000000000002,0.8999999999999998,0.0
1.6000000000000003,0.9599999999999999,0.0
1.7000000000000004,1.02,0.0
1.8000000000000005,1.0799999999999998,0.0
1.9000000000000006,1.14,0.0
2.0000000000000004,1.1999999999999997,0.0
2.1000000000000005,1.2599999999999998,0.0
2.2000000000000006,1.3199999999999998,0.0
2.3000000000000007,1.38,0.0
2.400000000000001,1.44,0.0
2.500000000000001,1.5,0.0
2.600000000000001,1.5599999999999998,0.0
2.700000000000001,1.6199999999999999,0.0
2.800000000000001,1.68,0.0
2.9000000000000012,1.74,0.0
3.0000000000000013,1.7999999999999996,0.0
3.1000000000000014,1.8599999999999997,0.0
3.2000000000000015,1.9199999999999997,0.0
3.3000000000000016,1.9799999999999998,0.0
3.4000000000000017,2.04,0.0
3.5000000000000018,2.0999999999999996,0.0
3.600000000000002,2.1599999999999997,0.0
3.700000000000002,2.2199999999999998,0.0
3.800000000000002,2.28,0.0
3.900000000000002,2.3399999999999994,0.0
4.000000000000002,2.3999999999999995,0.0
4.100000000000001,2.4599999999999995,0.0
4.200000000000001,2.5199999999999996,0.0
4.300000000000001,2.5799999999999996,0.0
4.4,2.6399999999999997,0.0
4.5,2.6999999999999997,0.0
4.6,2.76,0.0
4.699999999999999,2.8199999999999994,0.0
4.799999999999999,2.88,0.0
4.899999999999999,2.9399999999999995,0.0
4.999999999999998,3.0,0.0
5.099999999999998,3.0599999999999996,0.0
5.1999999999999975,3.1199999999999997,0.0
5.299999999999997,3.1799999999999997,0.0
5.399999999999997,3.2399999999999998,0.0
5.4999999999999964,3.2999999999999994,0.0
5.599999999999996,3.36,0.0
5.699999999999996,3.4199999999999995,0.0
5.799999999999995,3.48,0.0
5.899999999999995,3.5399999999999996,0.0
5.999999999999995,3.599999999999999,0.0
6.099999999999994,3.6599999999999997,0.0
6.199999999999994,3.7199999999999993,0.0
6.299999999999994,3.78,0.0
6.399999999999993,3.8399999999999994,0.0
6.499999999999993,3.8999999999999995,0.0
6.5999999999999925,3.9599999999999995,0.0
6.699999999999992,4.02,0.0
6.799999999999992,4.08,0.0
6.8999999999999915,4.14,0.0
6.999999999999991,4.199999999999999,0.0
7.099999999999991,4.26,0.0
7.19999999999999,4.319999999999999,0.0
7.29999999999999,4.38,0.0
7.39999999999999,4.4399999999999995,0.0
7.499999999999989,4.499999999999999,0.0
7.599999999999989,4.56,0.0
7.699999999999989,4.619999999999999,0.0
7.799999999999988,4.6760947570824865,0.00942809041581949
7.899999999999988,4.71852116395368,0.05185449728701297
7.999999999999988,4.7609475708248725,0.09428090415820556
8.099999999999987,4.803373977696066,0.13670731102939904
8.199999999999987,4.845800384567259,0.17913371790059163
8.299999999999986,4.888226791438451,0.22156012477178422
8.399999999999986,4.930653198309644,0.2639865316429768
8.499999999999986,4.973079605180837,0.3064129385141703
8.599999999999985,5.01550601205203,0.3488393453853629
8.699999999999985,5.057932418923222,0.39126575225655547
8.799999999999985,5.100358825794415,0.43369215912774806
8.899999999999984,5.142785232665608,0.47611856599894065
8.999999999999984,5.185211639536801,0.5185449728701341
9.099999999999984,5.227638046407995,0.5609713797413276
9.199999999999983,5.270064453279187,0.6033977866125202
9.299999999999983,5.31249086015038,0.6458241934837128
9.399999999999983,5.354917267021572,0.6882506003549054
9.499999999999982,5.397343673892766,0.7306770072260989
9.599999999999982,5.439770080763958,0.7731034140972914
9.699999999999982,5.482196487635151,0.815529820968484
9.799999999999981,5.524622894506344,0.8579562278396766
9.89999999999998,5.567049301377536,0.9003826347108692
9.99999999999998,5.60947570824873,0.9428090415820627
10.09999999999998,5.651902115119922,0.9852354484532553
10.19999999999998,5.705211872330013,0.9933199101539114
10.29999999999998,5.764330632052595,0.9830743135942407
10.399999999999979,5.823449391775178,0.97282871703457
10.499999999999979,5.882568151497761,0.9625831204748991
10.599999999999978,5.941686911220343,0.9523375239152284
10.699999999999978,6.000805670942926,0.9420919273555577
10.799999999999978,6.059924430665508,0.931846330795887
10.899999999999977,6.119043190388091,0.9216007342362162
10.999999999999977,6.178161950110673,0.9113551376765456
11.099999999999977,6.237280709833257,0.9011095411168746
11.199999999999976,6.29639946955584,0.8908639445572039
11.299999999999976,6.355518229278422,0.8806183479975331
11.399999999999975,6.414636989001004,0.8703727514378625
11.499999999999975,6.473755748723587,0.8601271548781918
11.599999999999975,6.53287450844617,0.8498815583185209
11.699999999999974,6.5919932681687525,0.8396359617588502
11.799999999999974,6.651112027891335,0.8293903651991795
11.899999999999974,6.710230787613917,0.8191447686395088
11.999999999999973,6.7693495473365,0.8088991720798381
12.099999999999973,6.828468307059083,0.7986535755201672
12.199999999999973,6.887587066781666,0.7884079789604964
12.299999999999972,6.946705826504249,0.7781623824008257
12.399999999999972,7.005824586226831,0.767916785841155
12.499999999999972,7.0649433459494135,0.7576711892814842
12.599999999999971,7.124062105671997,0.7474255927218134
12.69999999999997,7.183180865394579,0.7371799961621428
12.79999999999997,7.242299625117162,0.726934399602472
12.89999999999997,7.301418384839744,0.7166888030428014
12.99999999999997,7.360537144562326,0.7064432064831306
13.09999999999997,7.419655904284911,0.6961976099234597
13.199999999999969,7.478774664007493,0.6859520133637889
13.299999999999969,7.537893423730075,0.6757064168041182
13.399999999999968,7.597012183452658,0.6654608202444475
13.499999999999968,7.65613094317524,0.6552152236847768
13.599999999999968,7.7152497028978235,0.644969627125106
13.699999999999967,7.774368462620406,0.6347240305654352
13.799999999999967,7.833487222342988,0.6244784340057645
13.899999999999967,7.892605982065572,0.6142328374460937
13.999999999999966,7.951724741788153,0.6039872408864232
14.099999999999966,8.010843501510736,0.5937416443267522
14.199999999999966,8.06996226123332,0.5834960477670814
14.299999999999965,8.129081020955901,0.5732504512074109
14.399999999999965,8.188199780678485,0.5630048546477401
14.499999999999964,8.247318540401068,0.5527592580880691
14.599999999999964,8.306437300123651,0.5425136615283983
14.699999999999964,8.365556059846233,0.5322680649687278
14.799999999999963,8.424674819568814,0.5220224684090573
14.899999999999963,8.483793579291397,0.5117768718493865
14.999999999999963,8.54291233901398,0.5015312752897155
15.099999999999962,8.602031098736562,0.49128567873004503
15.199999999999962,8.661149858459146,0.4810400821703742
15.299999999999962,8.720268618181729,0.47079448561070325
15.399999999999961,8.77938737790431,0.46054888905103275
15.499999999999961,8.838506137626894,0.4503032924913619
15.59999999999996,8.897624897349477,0.440057695931691
15.69999999999996,8.95674365707206,0.42981209937202014
15.79999999999996,9.015862416794642,0.41956650281234964
15.89999999999996,9.074981176517225,0.4093209062526788
15.99999999999996,9.134099936239807,0.3990753096930082
16.09999999999996,9.19321869596239,0.38882971313333736
16.19999999999996,9.252337455684973,0.37858411657366653
16.29999999999996,9.311456215407555,0.3683385200139959
16.399999999999963,9.370574975130138,0.3580929234543251
16.499999999999964,9.429693734852721,0.34784732689465425
16.599999999999966,9.488812494575303,0.33760173033498375
16.699999999999967,9.547931254297886,0.3273561337753128
16.79999999999997,9.607050014020468,0.3171105372156423
16.89999999999997,9.66616877374305,0.3068649406559715
