0.0,0.0,0.0
0.1,0.05999999999999999,0.0
0.2,0.11999999999999998,0.0
0.30000000000000004,0.18,0.0
0.4,0.23999999999999996,0.0
0.5,0.29999999999999993,0.0
0.6,0.36,0.0
0.7,0.42,0.0
0.7999999999999999,0.4799999999999999,0.0
0.8999999999999999,0.5399999999999999,0.0
0.9999999999999999,0.5999999999999999,0.0
1.0999999999999999,0.6599999999999999,0.0
1.2,0.72,0.0
1.3,0.7799999999999999,0.0
1.4000000000000001,0.84,0.0
1.5000000000000002,0.8999999999999998,0.0
1.6000000000000003,0.9599999999999999,0.0
1.7000000000000004,1.02,0.0
1.8000000000000005,1.0799999999999998,0.0
1.9000000000000006,1.14,0.0
2.0000000000000004,1.1999999999999997,0.0
2.1000000000000005,1.2599999999999998,0.0
2.2000000000000006,1.3199999999999998,0.0
2.3000000000000007,1.38,0.0
2.400000000000001,1.44,0.0
2.500000000000001,1.5,0.0
2.600000000000001,1.5599999999999998,0.0
2.700000000000001,1.6199999999999999,0.0
2.800000000000001,1.68,0.0
2.9000000000000012,1.74,0.0
3.0000000000000013,1.7999999999999996,0.0
3.1000000000000014,1.8599999999999997,0.0
3.2000000000000015,1.9199999999999997,0.0
3.3000000000000016,1.9799999999999998,0.0
3.4000000000000017,2.04,0.0
3.5000000000000018,2.0999999999999996,0.0
3.600000000000002,2.1599999999999997,0.0
3.700000000000002,2.2199999999999998,0.0
3.800000000000002,2.28,0.0
3.900000000000002,2.3399999999999994,0.0
4.000000000000002,2.3999999999999995,0.0
4.100000000000001,2.4599999999999995,0.0
4.200000000000001,2.5199999999999996,0.0
4.300000000000001,2.5799999999999996,0.0
4.4,2.6399999999999997,0.0
4.5,2.6999999999999997,0.0
4.6,2.76,0.0
4.699999999999999,2.8199999999999994,0.0
4.799999999999999,2.88,0.0
4.899999999999999,2.9399999999999995,0.0
4.999999999999998,3.0,0.0
5.099999999999998,3.0599999999999996,0.0
5.1999999999999975,3.1199999999999997,0.0
5.299999999999997,3.1799999999999997,0.0
5.399999999999997,3.2399999999999998,0.0
5.4999999999999964,3.2999999999999994,0.0
5.599999999999996,3.36,0.0
5.699999999999996,3.4199999999999995,0.0
5.799999999999995,3.48,0.0
5.899999999999995,3.5399999999999996,0.0
5.999999999999995,3.599999999999999,0.0
6.099999999999994,3.6599999999999997,0.0
6.199999999999994,3.7199999999999993,0.0
6.299999999999994,3.78,0.0
6.399999999999993,3.8399999999999994,0.0
6.499999999999993,3.8999999999999995,0.0
6.5999999999999925,3.9599999999999995,0.0
6.699999999999992,4.02,0.0
6.799999999999992,4.08,0.0
6.8999999999999915,4.14,0.0
6.999999999999991,4.199999999999999,0.0
7.099999999999991,4.242426406871193,0.04242640687119259
7.19999999999999,4.284852813742385,0.08485281374238518
7.29999999999999,4.327279220613579,0.12727922061357866
7.39999999999999,4.369705627484771,0.16970562748477125
7.499999999999989,4.412132034355964,0.21213203435596384
7.599999999999989,4.4545584412271575,0.2545584412271573
7.699999999999989,4.49698484809835,0.2969848480983499
7.799999999999988,4.539411254969543,0.3394112549695425
7.899999999999988,4.581837661840735,0.3818376618407351
7.999999999999988,4.624264068711929,0.42426406871192857
8.099999999999987,4.666690475583121,0.46669047558312116
8.199999999999987,4.709116882454314,0.5091168824543137
8.299999999999986,4.7515432893255065,0.5515432893255063
8.399999999999986,4.793969696196699,0.5939696961966989
8.499999999999986,4.836396103067893,0.6363961030678924
8.599999999999985,4.878822509939086,0.6788225099390859
8.699999999999985,4.921248916810279,0.7212489168102785
8.799999999999985,4.963675323681471,0.7636753236814711
8.899999999999984,5.006101730552664,0.8061017305526637
8.999999999999984,5.048528137423857,0.8485281374238571
9.099999999999984,5.09095454429505,0.8909545442950497
9.199999999999983,5.1333809511662425,0.9333809511662423
9.299999999999983,5.175807358037435,0.9758073580374349
9.399999999999983,5.225406435551659,0.9955893993554626
9.499999999999982,5.284522244999845,0.985326793775693
9.599999999999982,5.3436380544480295,0.9750641881959237
9.699999999999982,5.402753863896214,0.9648015826161542
9.799999999999981,5.461869673344399,0.9545389770363847
9.89999999999998,5.520985482792583,0.9442763714566154
9.99999999999998,5.5801012922407685,0.9340137658768458
10.09999999999998,5.639217101688953,0.9237511602970764
10.19999999999998,5.698332911137138,0.9134885547173068
10.29999999999998,5.757448720585322,0.9032259491375375
10.399999999999979,5.8165645300335065,0.8929633435577681
10.499999999999979,5.875680339481692,0.8827007379779985
10.599999999999978,5.934796148929877,0.8724381323982291
10.699999999999978,5.993911958378061,0.8621755268184597
10.799999999999978,6.053027767826245,0.8519129212386902
10.899999999999977,6.112143577274431,0.8416503156589208
10.999999999999977,6.171259386722615,0.8313877100791514
11.099999999999977,6.2303751961708,0.8211251044993818
11.199999999999976,6.289491005618984,0.8108624989196125
11.299999999999976,6.3486068150671695,0.8005998933398429
11.399999999999975,6.407722624515354,0.7903372877600735
11.499999999999975,6.466838433963538,0.7800746821803042
11.599999999999975,6.525954243411723,0.7698120766005346
11.699999999999974,6.585070052859908,0.7595494710207651
11.799999999999974,6.644185862308093,0.7492868654409957
11.899999999999974,6.703301671756277,0.7390242598612263
11.999999999999973,6.762417481204462,0.7287616542814568
12.099999999999973,6.821533290652647,0.7184990487016872
12.199999999999973,6.880649100100832,0.7082364431219179
12.299999999999972,6.939764909549016,0.6979738375421485
12.399999999999972,6.998880718997201,0.6877112319623789
12.499999999999972,7.057996528445385,0.6774486263826096
12.599999999999971,7.117112337893571,0.66718602080284
12.69999999999997,7.176228147341755,0.6569234152230706
12.79999999999997,7.23534395678994,0.6466608096433011
12.89999999999997,7.294459766238124,0.6363982040635318
12.99999999999997,7.353575575686309,0.6261355984837624
13.09999999999997,7.412691385134494,0.6158729929039928
13.199999999999969,7.471807194582679,0.6056103873242233
13.299999999999969,7.530923004030863,0.5953477817444539
13.399999999999968,7.5900388134790475,0.5850851761646845
13.499999999999968,7.649154622927233,0.574822570584915
13.599999999999968,7.708270432375418,0.5645599650051454
13.699999999999967,7.767386241823603,0.554297359425376
13.799999999999967,7.826502051271786,0.5440347538456067
13.899999999999967,7.885617860719972,0.5337721482658371
13.999999999999966,7.944733670168156,0.5235095426860678
14.099999999999966,8.003849479616342,0.5132469371062981
14.199999999999966,8.062965289064525,0.5029843315265289
14.299999999999965,8.12208109851271,0.49272172594675934
14.399999999999965,8.181196907960896,0.4824591203669898
14.499999999999964,8.24031271740908,0.4721965147872206
14.599999999999964,8.299428526857266,0.4619339092074507
14.699999999999964,8.35854433630545,0.4516713036276815
14.799999999999963,8.417660145753635,0.44140869804791194
14.899999999999963,8.476775955201818,0.4311460924681427
14.999999999999963,8.535891764650003,0.4208834868883732
15.099999999999962,8.595007574098187,0.41062088130860397
15.199999999999962,8.654123383546374,0.4003582757288341
15.299999999999962,8.713239192994557,0.3900956701490649
15.399999999999961,8.772355002442742,0.37983306456929533
15.499999999999961,8.831470811890927,0.3695704589895258
15.59999999999996,8.89058662133911,0.3593078534097566
15.69999999999996,8.949702430787298,0.3490452478299868
15.79999999999996,9.008818240235481,0.3387826422502175
15.89999999999996,9.067934049683664,0.32852003667044827
15.99999999999996,9.12704985913185,0.3182574310906787
16.09999999999996,9.186165668580035,0.3079948255109093
16.19999999999996,9.24528147802822,0.29773221993113974
16.29999999999996,9.304397287476403,0.28746961435137053
16.399999999999963,9.363513096924589,0.277207008771601
16.499999999999964,9.422628906372776,0.2669444031918311
16.599999999999966,9.481744715820959,0.2566817976120619
16.699999999999967,9.540860525269144,0.24641919203229234
16.79999999999997,9.599976334717327,0.23615658645252313
16.89999999999997,9.659092144165513,0.22589398087275359
16.99999999999997,9.718207953613698,0.21563137529298404
17.099999999999973,9.777323763061881,0.20536876971321483
17.199999999999974,9.836439572510066,0.19510616413344528
