0.0,0.0,0.0
0.1,0.05999999999999999,0.0
0.2,0.11999999999999998,0.0
0.30000000000000004,0.18,0.0
0.4,0.23999999999999996,0.0
0.5,0.29999999999999993,0.0
0.6,0.36,0.0
0.7,0.42,0.0
0.7999999999999999,0.4799999999999999,0.0
0.8999999999999999,0.5399999999999999,0.0
0.9999999999999999,0.5999999999999999,0.0
1.0999999999999999,0.6599999999999999,0.0
1.2,0.72,0.0
1.3,0.7799999999999999,0.0
1.4000000000000001,0.84,0.0
1.5000000000000002,0.8999999999999998,0.0
1.6000000000000003,0.9599999999999999,0.0
1.7000000000000004,1.02,0.0
1.8000000000000005,1.0799999999999998,0.0
1.9000000000000006,1.14,0.0
2.0000000000000004,1.1999999999999997,0.0
2.1000000000000005,1.2599999999999998,0.0
2.2000000000000006,1.3199999999999998,0.0
2.3000000000000007,1.38,0.0
2.400000000000001,1.44,0.0
2.500000000000001,1.5,0.0
2.600000000000001,1.5599999999999998,0.0
2.700000000000001,1.6199999999999999,0.0
2.800000000000001,1.68,0.0
2.9000000000000012,1.74,0.0
3.0000000000000013,1.7999999999999996,0.0
3.1000000000000014,1.8599999999999997,0.0
3.2000000000000015,1.9199999999999997,0.0
3.3000000000000016,1.9799999999999998,0.0
3.4000000000000017,2.04,0.0
3.5000000000000018,2.0999999999999996,0.0
3.600000000000002,2.1599999999999997,0.0
3.700000000000002,2.2199999999999998,0.0
3.800000000000002,2.28,0.0
3.900000000000002,2.3399999999999994,0.0
4.000000000000002,2.3999999999999995,0.0
4.100000000000001,2.4599999999999995,0.0
4.200000000000001,2.5199999999999996,0.0
4.300000000000001,2.5799999999999996,0.0
4.4,2.6399999999999997,0.0
4.5,2.6999999999999997,0.0
4.6,2.76,0.0
4.699999999999999,2.8199999999999994,0.0
4.799999999999999,2.88,0.0
4.899999999999999,2.9399999999999995,0.0
4.999999999999998,3.0,0.0
5.099999999999998,3.0599999999999996,0.0
5.1999999999999975,3.1199999999999997,0.0
5.299999999999997,3.1799999999999997,0.0
5.399999999999997,3.2399999999999998,0.0
5.4999999999999964,3.2999999999999994,0.0
5.599999999999996,3.36,0.0
5.699999999999996,3.4199999999999995,0.0
5.799999999999995,3.48,0.0
5.899999999999995,3.5399999999999996,0.0
5.999999999999995,3.599999999999999,0.0
6.099999999999994,3.6599999999999997,0.0
6.199999999999994,3.7199999999999993,0.0
6.299999999999994,3.78,0.0
6.399999999999993,3.8399999999999994,0.0
6.499999999999993,3.8999999999999995,0.0
6.5999999999999925,3.9599999999999995,0.0
6.699999999999992,4.02,0.0
6.799999999999992,4.08,0.0
6.8999999999999915,4.14,0.0
6.999999999999991,4.199999999999999,0.0
7.099999999999991,4.242426406871193,0.04242640687119259
7.19999999999999,4.284852813742385,0.08485281374238518
7.29999999999999,4.327279220613579,0.12727922061357866
7.39999999999999,4.369705627484771,0.16970562748477125
7.499999999999989,4.412132034355964,0.21213203435596384
7.599999999999989,4.4545584412271575,0.2545584412271573
7.699999999999989,4.49698484809835,0.2969848480983499
7.799999999999988,4.539411254969543,0.3394112549695425
7.899999999999988,4.581837661840735,0.3818376618407351
7.999999999999988,4.624264068711929,0.42426406871192857
8.099999999999987,4.666690475583121,0.46669047558312116
8.199999999999987,4.709116882454314,0.5091168824543137
8.299999999999986,4.7515432893255065,0.5515432893255063
8.399999999999986,4.793969696196699,0.5939696961966989
8.499999999999986,4.836396103067893,0.6363961030678924
8.599999999999985,4.878822509939086,0.6788225099390859
8.699999999999985,4.921248916810279,0.7212489168102785
8.799999999999985,4.963675323681471,0.7636753236814711
8.899999999999984,5.006101730552664,0.8061017305526637
8.999999999999984,5.048528137423857,0.8485281374238571
9.099999999999984,5.09095454429505,0.8909545442950497
9.199999999999983,5.1333809511662425,0.9333809511662423
9.299999999999983,5.175807358037435,0.9758073580374349
9.399999999999983,5.225423062681608,0.995686271986639
9.499999999999982,5.2845775602111535,0.9856490700843633
9.599999999999982,5.343732057740699,0.9756118681820879
9.699999999999982,5.402886555270244,0.9655746662798125
9.799999999999981,5.462041052799789,0.9555374643775371
9.89999999999998,5.521195550329334,0.9455002624752616
9.99999999999998,5.58035004785888,0.9354630605729861
10.09999999999998,5.639504545388425,0.9254258586707107
10.19999999999998,5.698659042917969,0.9153886567684354
10.29999999999998,5.757813540447514,0.90535145486616
10.399999999999979,5.816968037977059,0.8953142529638846
10.499999999999979,5.876122535506605,0.885277051061609
10.599999999999978,5.93527703303615,0.8752398491593336
10.699999999999978,5.994431530565695,0.8652026472570582
10.799999999999978,6.053586028095239,0.8551654453547829
10.899999999999977,6.112740525624784,0.8451282434525075
10.999999999999977,6.171895023154329,0.8350910415502321
11.099999999999977,6.231049520683875,0.8250538396479565
11.199999999999976,6.29020401821342,0.8150166377456811
11.299999999999976,6.349358515742965,0.8049794358434057
11.399999999999975,6.408513013272509,0.7949422339411304
11.499999999999975,6.467667510802055,0.7849050320388549
11.599999999999975,6.526822008331601,0.7748678301365792
11.699999999999974,6.5859765058611455,0.764830628234304
11.799999999999974,6.6451310033906905,0.7547934263320286
11.899999999999974,6.704285500920236,0.7447562244297532
11.999999999999973,6.763439998449781,0.7347190225274778
12.099999999999973,6.8225944959793265,0.7246818206252021
12.199999999999973,6.881748993508872,0.7146446187229267
12.299999999999972,6.940903491038416,0.7046074168206515
12.399999999999972,7.000057988567961,0.6945702149183761
12.499999999999972,7.059212486097506,0.6845330130161007
12.599999999999971,7.118366983627052,0.6744958111138251
12.69999999999997,7.177521481156597,0.6644586092115496
12.79999999999997,7.236675978686142,0.6544214073092742
12.89999999999997,7.295830476215686,0.644384205406999
12.99999999999997,7.354984973745232,0.6343470035047234
13.09999999999997,7.414139471274778,0.6243098016024479
13.199999999999969,7.473293968804322,0.6142725997001726
13.299999999999969,7.532448466333867,0.6042353977978971
13.399999999999968,7.591602963863412,0.5941981958956217
13.499999999999968,7.650757461392956,0.5841609939933465
13.599999999999968,7.709911958922502,0.5741237920910709
13.699999999999967,7.769066456452048,0.5640865901887954
13.799999999999967,7.828220953981592,0.5540493882865201
13.899999999999967,7.887375451511137,0.5440121863842446
13.999999999999966,7.946529949040682,0.5339749844819692
14.099999999999966,8.005684446570228,0.5239377825796937
14.199999999999966,8.064838944099773,0.5139005806774184
14.299999999999965,8.123993441629318,0.5038633787751429
14.399999999999965,8.183147939158863,0.49382617687286756
14.499999999999964,8.242302436688409,0.48378897497059203
14.599999999999964,8.301456934217954,0.4737517730683165
14.699999999999964,8.360611431747499,0.4637145711660412
14.799999999999963,8.419765929277045,0.4536773692637657
14.899999999999963,8.478920426806589,0.44364016736149037
14.999999999999963,8.538074924336133,0.43360296545921506
15.099999999999962,8.597229421865679,0.42356576355693953
15.199999999999962,8.656383919395225,0.413528561654664
15.299999999999962,8.715538416924769,0.4034913597523887
15.399999999999961,8.774692914454313,0.3934541578501134
15.499999999999961,8.833847411983859,0.38341695594783787
15.59999999999996,8.893001909513403,0.37337975404556256
15.69999999999996,8.95215640704295,0.36334255214328703
15.79999999999996,9.011310904572495,0.3533053502410115
15.89999999999996,9.07046540210204,0.3432681483387362
15.99999999999996,9.129619899631585,0.3332309464364607
16.09999999999996,9.18877439716113,0.32319374453418537
16.19999999999996,9.247928894690675,0.31315654263190984
16.29999999999996,9.30708339222022,0.30311934072963453
16.399999999999963,9.366237889749765,0.293082138827359
16.499999999999964,9.425392387279311,0.28304493692508337
16.599999999999966,9.484546884808854,0.2730077350228084
16.699999999999967,9.543701382338401,0.26297053312053253
16.79999999999997,9.602855879867946,0.25293333121825734
16.89999999999997,9.66201037739749,0.24289612931598203
16.99999999999997,9.721164874927037,0.23285892741370617
17.099999999999973,9.780319372456582,0.22282172551143087
17.199999999999974,9.839473869986126,0.21278452360915567
17.299999999999976,9.89862836751567,0.20274732170688037
17.399999999999977,9.957782865045216,0.19271011980460484
