0.0,0.0,0.0
0.1,0.05999999999999999,0.0
0.2,0.11999999999999998,0.0
0.30000000000000004,0.18,0.0
0.4,0.23999999999999996,0.0
0.5,0.29999999999999993,0.0
0.6,0.36,0.0
0.7,0.42,0.0
0.7999999999999999,0.4799999999999999,0.0
0.8999999999999999,0.5399999999999999,0.0
0.9999999999999999,0.5999999999999999,0.0
1.0999999999999999,0.6599999999999999,0.0
1.2,0.72,0.0
1.3,0.7799999999999999,0.0
1.4000000000000001,0.84,0.0
1.5000000000000002,0.8999999999999998,0.0
1.6000000000000003,0.9599999999999999,0.0
1.7000000000000004,1.02,0.0
1.8000000000000005,1.0799999999999998,0.0
1.9000000000000006,1.14,0.0
2.0000000000000004,1.1999999999999997,0.0
2.1000000000000005,1.2599999999999998,0.0
2.2000000000000006,1.3199999999999998,0.0
2.3000000000000007,1.38,0.0
2.400000000000001,1.44,0.0
2.500000000000001,1.5,0.0
2.600000000000001,1.5599999999999998,0.0
2.700000000000001,1.6199999999999999,0.0
2.800000000000001,1.68,0.0
2.9000000000000012,1.74,0.0
3.0000000000000013,1.7999999999999996,0.0
3.1000000000000014,1.8599999999999997,0.0
3.2000000000000015,1.9199999999999997,0.0
3.3000000000000016,1.9799999999999998,0.0
3.4000000000000017,2.04,0.0
3.5000000000000018,2.0999999999999996,0.0
3.600000000000002,2.1599999999999997,0.0
3.700000000000002,2.2199999999999998,0.0
3.800000000000002,2.28,0.0
3.900000000000002,2.3399999999999994,0.0
4.000000000000002,2.3999999999999995,0.0
4.100000000000001,2.4599999999999995,0.0
4.200000000000001,2.5199999999999996,0.0
4.300000000000001,2.5799999999999996,0.0
4.4,2.6399999999999997,0.0
4.5,2.6999999999999997,0.0
4.6,2.76,0.0
4.699999999999999,2.8199999999999994,0.0
4.799999999999999,2.88,0.0
4.899999999999999,2.9399999999999995,0.0
4.999999999999998,3.0,0.0
5.099999999999998,3.0599999999999996,0.0
5.1999999999999975,3.1199999999999997,0.0
5.299999999999997,3.1799999999999997,0.0
5.399999999999997,3.2399999999999998,0.0
5.4999999999999964,3.2999999999999994,0.0
5.599999999999996,3.36,0.0
5.699999999999996,3.4199999999999995,0.0
5.799999999999995,3.48,0.0
5.899999999999995,3.5399999999999996,0.0
5.999999999999995,3.599999999999999,0.0
6.099999999999994,3.6599999999999997,0.0
6.199999999999994,3.7199999999999993,0.0
6.299999999999994,3.78,0.0
6.399999999999993,3.8399999999999994,0.0
6.499999999999993,3.8999999999999995,0.0
6.5999999999999925,3.9599999999999995,0.0
6.699999999999992,4.02,0.0
6.799999999999992,4.08,0.0
6.8999999999999915,4.14,0.0
6.999999999999991,4.199999999999999,0.0
7.099999999999991,4.242426406871193,0.04242640687119259
7.19999999999999,4.284852813742385,0.08485281374238518
7.29999999999999,4.327279220613579,0.12727922061357866
7.39999999999999,4.369705627484771,0.16970562748477125
7.499999999999989,4.412132034355964,0.21213203435596384
7.599999999999989,4.4545584412271575,0.2545584412271573
7.699999999999989,4.49698484809835,0.2969848480983499
7.799999999999988,4.539411254969543,0.3394112549695425
7.899999999999988,4.581837661840735,0.3818376618407351
7.999999999999988,4.624264068711929,0.42426406871192857
8.099999999999987,4.666690475583121,0.46669047558312116
8.199999999999987,4.709116882454314,0.5091168824543137
8.299999999999986,4.7515432893255065,0.5515432893255063
8.399999999999986,4.793969696196699,0.5939696961966989
8.499999999999986,4.836396103067893,0.6363961030678924
8.599999999999985,4.878822509939086,0.6788225099390859
8.699999999999985,4.921248916810279,0.7212489168102785
8.799999999999985,4.963675323681471,0.7636753236814711
8.899999999999984,5.006101730552664,0.8061017305526637
8.999999999999984,5.048528137423857,0.8485281374238571
9.099999999999984,5.09095454429505,0.8909545442950497
9.199999999999983,5.1333809511662425,0.9333809511662423
9.299999999999983,5.175807358037435,0.9758073580374349
9.399999999999983,5.225409225202508,0.9956054988799146
9.499999999999982,5.284531525622939,0.9853803537466437
9.599999999999982,5.343653826043369,0.975155208613373
9.699999999999982,5.402776126463798,0.9649300634801024
9.799999999999981,5.461898426884227,0.9547049183468317
9.89999999999998,5.521020727304657,0.9444797732135609
9.99999999999998,5.580143027725088,0.9342546280802901
10.09999999999998,5.639265328145518,0.9240294829470194
10.19999999999998,5.698387628565947,0.9138043378137487
10.29999999999998,5.7575099289863765,0.903579192680478
10.399999999999979,5.816632229406806,0.8933540475472075
10.499999999999979,5.875754529827237,0.8831289024139365
10.599999999999978,5.934876830247666,0.8729037572806658
10.699999999999978,5.9939991306680955,0.8626786121473953
10.799999999999978,6.053121431088526,0.8524534670141244
10.899999999999977,6.112243731508955,0.8422283218808537
10.999999999999977,6.171366031929384,0.8320031767475832
11.099999999999977,6.230488332349815,0.8217780316143124
11.199999999999976,6.289610632770245,0.8115528864810415
11.299999999999976,6.348732933190674,0.801327741347771
11.399999999999975,6.407855233611103,0.7911025962145003
11.499999999999975,6.466977534031534,0.7808774510812295
11.599999999999975,6.526099834451964,0.7706523059479586
11.699999999999974,6.585222134872393,0.7604271608146881
11.799999999999974,6.6443444352928225,0.7502020156814174
11.899999999999974,6.703466735713253,0.7399768705481466
11.999999999999973,6.762589036133682,0.729751725414876
12.099999999999973,6.821711336554113,0.7195265802816051
12.199999999999973,6.880833636974542,0.7093014351483344
12.299999999999972,6.939955937394972,0.6990762900150638
12.399999999999972,6.999078237815401,0.6888511448817931
12.499999999999972,7.05820053823583,0.6786259997485224
12.599999999999971,7.1173228386562615,0.6684008546152516
12.69999999999997,7.176445139076691,0.6581757094819809
12.79999999999997,7.235567439497121,0.6479505643487101
12.89999999999997,7.29468973991755,0.6377254192154395
12.99999999999997,7.35381204033798,0.6275002740821689
13.09999999999997,7.41293434075841,0.617275128948898
13.199999999999969,7.47205664117884,0.6070499838156272
13.299999999999969,7.531178941599269,0.5968248386823566
13.399999999999968,7.590301242019699,0.586599693549086
13.499999999999968,7.649423542440129,0.5763745484158151
13.599999999999968,7.708545842860559,0.5661494032825444
13.699999999999967,7.767668143280989,0.5559242581492736
13.799999999999967,7.826790443701418,0.5456991130160032
13.899999999999967,7.885912744121848,0.5354739678827323
13.999999999999966,7.945035044542277,0.5252488227494616
14.099999999999966,8.004157344962708,0.5150236776161907
14.199999999999966,8.063279645383137,0.5047985324829203
14.299999999999965,8.122401945803567,0.4945733873496494
14.399999999999965,8.181524246223997,0.4843482422163786
14.499999999999964,8.240646546644426,0.4741230970831082
14.599999999999964,8.299768847064858,0.4638979519498371
14.699999999999964,8.358891147485286,0.45367280681656663
14.799999999999963,8.418013447905716,0.44344766168329575
14.899999999999963,8.477135748326145,0.4332225165500253
14.999999999999963,8.536258048746575,0.42299737141675453
15.099999999999962,8.595380349167005,0.41277222628348376
15.199999999999962,8.654502649587435,0.402547081150213
15.299999999999962,8.713624950007866,0.3923219360169421
15.399999999999961,8.772747250428294,0.38209679088367166
15.499999999999961,8.831869550848724,0.3718716457504009
15.59999999999996,8.890991851269153,0.36164650061713033
15.69999999999996,8.950114151689585,0.35142135548385933
15.79999999999996,9.009236452110013,0.3411962103505888
15.89999999999996,9.068358752530443,0.330971065217318
15.99999999999996,9.127481052950873,0.32074592008404723
16.09999999999996,9.186603353371302,0.3105207749507767
16.19999999999996,9.245725653791734,0.30029562981750557
16.29999999999996,9.30484795421216,0.29007048468423546
16.399999999999963,9.36397025463259,0.2798453395509647
16.499999999999964,9.423092555053023,0.2696201944176936
16.599999999999966,9.482214855473451,0.25939504928442303
16.699999999999967,9.541337155893881,0.24916990415115225
16.79999999999997,9.60045945631431,0.2389447590178818
16.89999999999997,9.659581756734742,0.2287196138846107
16.99999999999997,9.718704057155172,0.21849446875133993
17.099999999999973,9.777826357575599,0.2082693236180697
17.199999999999974,9.83694865799603,0.1980441784847986
