0.0,0.0,0.0
0.1,0.05999999999999999,0.0
0.2,0.11999999999999998,0.0
0.30000000000000004,0.18,0.0
0.4,0.23999999999999996,0.0
0.5,0.29999999999999993,0.0
0.6,0.36,0.0
0.7,0.42,0.0
0.7999999999999999,0.4799999999999999,0.0
0.8999999999999999,0.5399999999999999,0.0
0.9999999999999999,0.5999999999999999,0.0
1.0999999999999999,0.6599999999999999,0.0
1.2,0.72,0.0
1.3,0.7799999999999999,0.0
1.4000000000000001,0.84,0.0
1.5000000000000002,0.8999999999999998,0.0
1.6000000000000003,0.9599999999999999,0.0
1.7000000000000004,1.02,0.0
1.8000000000000005,1.0799999999999998,0.0
1.9000000000000006,1.14,0.0
2.0000000000000004,1.1999999999999997,0.0
2.1000000000000005,1.2599999999999998,0.0
2.2000000000000006,1.3199999999999998,0.0
2.3000000000000007,1.38,0.0
2.400000000000001,1.44,0.0
2.500000000000001,1.5,0.0
2.600000000000001,1.5599999999999998,0.0
2.700000000000001,1.6199999999999999,0.0
2.800000000000001,1.68,0.0
2.9000000000000012,1.74,0.0
3.0000000000000013,1.7999999999999996,0.0
3.1000000000000014,1.8599999999999997,0.0
3.2000000000000015,1.9199999999999997,0.0
3.3000000000000016,1.9799999999999998,0.0
3.4000000000000017,2.04,0.0
3.5000000000000018,2.0999999999999996,0.0
3.600000000000002,2.1599999999999997,0.0
3.700000000000002,2.2199999999999998,0.0
3.800000000000002,2.28,0.0
3.900000000000002,2.3399999999999994,0.0
4.000000000000002,2.3999999999999995,0.0
4.100000000000001,2.4599999999999995,0.0
4.200000000000001,2.5199999999999996,0.0
4.300000000000001,2.5799999999999996,0.0
4.4,2.6399999999999997,0.0
4.5,2.6999999999999997,0.0
4.6,2.76,0.0
4.699999999999999,2.8199999999999994,0.0
4.799999999999999,2.88,0.0
4.899999999999999,2.9399999999999995,0.0
4.999999999999998,3.0,0.0
5.099999999999998,3.0599999999999996,0.0
5.1999999999999975,3.1199999999999997,0.0
5.299999999999997,3.1799999999999997,0.0
5.399999999999997,3.2399999999999998,0.0
5.4999999999999964,3.2999999999999994,0.0
5.599999999999996,3.36,0.0
5.699999999999996,3.4199999999999995,0.0
5.799999999999995,3.48,0.0
5.899999999999995,3.5399999999999996,0.0
5.999999999999995,3.599999999999999,0.0
6.099999999999994,3.6599999999999997,0.0
6.199999999999994,3.7199999999999993,0.0
6.299999999999994,3.78,0.0
6.399999999999993,3.8399999999999994,0.0
6.499999999999993,3.8999999999999995,0.0
6.5999999999999925,3.9599999999999995,0.0
6.699999999999992,4.02,0.0
6.799999999999992,4.08,0.0
6.8999999999999915,4.14,0.0
6.999999999999991,4.199999999999999,0.0
7.099999999999991,4.242426406871193,0.04242640687119259
7.19999999999999,4.284852813742385,0.08485281374238518
7.29999999999999,4.327279220613579,0.12727922061357866
7.39999999999999,4.369705627484771,0.16970562748477125
7.499999999999989,4.412132034355964,0.21213203435596384
7.599999999999989,4.4545584412271575,0.2545584412271573
7.699999999999989,4.49698484809835,0.2969848480983499
7.799999999999988,4.539411254969543,0.3394112549695425
7.899999999999988,4.581837661840735,0.3818376618407351
7.999999999999988,4.624264068711929,0.42426406871192857
8.099999999999987,4.666690475583121,0.46669047558312116
8.199999999999987,4.709116882454314,0.5091168824543137
8.299999999999986,4.7515432893255065,0.5515432893255063
8.399999999999986,4.793969696196699,0.5939696961966989
8.499999999999986,4.836396103067893,0.6363961030678924
8.599999999999985,4.878822509939086,0.6788225099390859
8.699999999999985,4.921248916810279,0.7212489168102785
8.799999999999985,4.963675323681471,0.7636753236814711
8.899999999999984,5.006101730552664,0.8061017305526637
8.999999999999984,5.048528137423857,0.8485281374238571
9.099999999999984,5.09095454429505,0.8909545442950497
9.199999999999983,5.1333809511662425,0.9333809511662423
9.299999999999983,5.175807358037435,0.9758073580374349
9.399999999999983,5.22543826865217,0.9957768668661466
9.499999999999982,5.284628147502972,0.9859504615403162
9.599999999999982,5.343818026353772,0.9761240562144861
9.699999999999982,5.403007905204573,0.9662976508886558
9.799999999999981,5.462197784055374,0.9564712455628255
9.89999999999998,5.521387662906175,0.9466448402369952
9.99999999999998,5.580577541756977,0.9368184349111648
10.09999999999998,5.639767420607777,0.9269920295853347
10.19999999999998,5.698957299458578,0.9171656242595044
10.29999999999998,5.758147178309379,0.9073392189336742
10.399999999999979,5.81733705716018,0.8975128136078439
10.499999999999979,5.876526936010981,0.8876864082820136
10.599999999999978,5.935716814861782,0.8778600029561834
10.699999999999978,5.994906693712583,0.868033597630353
10.799999999999978,6.054096572563384,0.8582071923045228
10.899999999999977,6.113286451414185,0.8483807869786926
10.999999999999977,6.172476330264985,0.8385543816528624
11.099999999999977,6.231666209115787,0.828727976327032
11.199999999999976,6.290856087966588,0.8189015710012018
11.299999999999976,6.3500459668173885,0.8090751656753714
11.399999999999975,6.409235845668189,0.7992487603495413
11.499999999999975,6.46842572451899,0.789422355023711
11.599999999999975,6.527615603369791,0.7795959496978806
11.699999999999974,6.586805482220592,0.7697695443720504
11.799999999999974,6.645995361071393,0.7599431390462201
11.899999999999974,6.705185239922194,0.7501167337203898
11.999999999999973,6.764375118772994,0.7402903283945597
12.099999999999973,6.823564997623796,0.7304639230687293
12.199999999999973,6.882754876474597,0.720637517742899
12.299999999999972,6.941944755325398,0.7108111124170687
12.399999999999972,7.001134634176198,0.7009847070912385
12.499999999999972,7.060324513026999,0.6911583017654084
12.599999999999971,7.119514391877801,0.6813318964395778
12.69999999999997,7.178704270728602,0.6715054911137477
12.79999999999997,7.237894149579403,0.6616790857879173
12.89999999999997,7.297084028430204,0.651852680462087
12.99999999999997,7.356273907281004,0.6420262751362569
13.09999999999997,7.415463786131806,0.6321998698104265
13.199999999999969,7.474653664982607,0.6223734644845962
13.299999999999969,7.533843543833408,0.6125470591587661
13.399999999999968,7.593033422684208,0.6027206538329359
13.499999999999968,7.65222330153501,0.5928942485071054
13.599999999999968,7.7114131803858115,0.583067843181275
13.699999999999967,7.7706030592366115,0.5732414378554449
13.799999999999967,7.8297929380874125,0.5634150325296146
13.899999999999967,7.8889828169382135,0.5535886272037844
13.999999999999966,7.9481726957890135,0.5437622218779543
14.099999999999966,8.007362574639815,0.5339358165521237
14.199999999999966,8.066552453490615,0.5241094112262936
14.299999999999965,8.125742332341417,0.5142830059004633
14.399999999999965,8.184932211192217,0.5044566005746332
14.499999999999964,8.24412209004302,0.4946301952488027
14.599999999999964,8.303311968893821,0.48480378992297235
14.699999999999964,8.362501847744621,0.4749773845971422
14.799999999999963,8.421691726595423,0.46515097927131177
14.899999999999963,8.480881605446223,0.45532457394548165
14.999999999999963,8.540071484297023,0.4454981686196515
15.099999999999962,8.599261363147825,0.43567176329382107
15.199999999999962,8.658451241998627,0.4258453579679906
15.299999999999962,8.717641120849427,0.4160189526421605
15.399999999999961,8.776830999700227,0.40619254731633037
15.499999999999961,8.836020878551029,0.3963661419905
15.59999999999996,8.895210757401829,0.3865397366646699
15.69999999999996,8.95440063625263,0.37671333133883944
15.79999999999996,9.01359051510343,0.3668869260130093
15.89999999999996,9.072780393954233,0.35706052068717886
15.99999999999996,9.131970272805033,0.34723411536134874
16.09999999999996,9.191160151655833,0.3374077100355186
16.19999999999996,9.250350030506635,0.32758130470968827
16.29999999999996,9.309539909357436,0.3177548993838578
16.399999999999963,9.368729788208238,0.30792849405802736
16.499999999999964,9.42791966705904,0.298102088732197
16.599999999999966,9.487109545909838,0.2882756834063671
16.699999999999967,9.54629942476064,0.27844927808053677
16.79999999999997,9.60548930361144,0.26862287275470664
16.89999999999997,9.664679182462242,0.2587964674288762
