0.0,0.0,0.0
0.1,0.05999999999999999,0.0
0.2,0.11999999999999998,0.0
0.30000000000000004,0.18,0.0
0.4,0.23999999999999996,0.0
0.5,0.29999999999999993,0.0
0.6,0.36,0.0
0.7,0.42,0.0
0.7999999999999999,0.4799999999999999,0.0
0.8999999999999999,0.5399999999999999,0.0
0.9999999999999999,0.5999999999999999,0.0
1.0999999999999999,0.6599999999999999,0.0
1.2,0.72,0.0
1.3,0.7799999999999999,0.0
1.4000000000000001,0.84,0.0
1.5000000000000002,0.8999999999999998,0.0
1.6000000000000003,0.9599999999999999,0.0
1.7000000000000004,1.02,0.0
1.8000000000000005,1.0799999999999998,0.0
1.9000000000000006,1.14,0.0
2.0000000000000004,1.1999999999999997,0.0
2.1000000000000005,1.2599999999999998,0.0
2.2000000000000006,1.3199999999999998,0.0
2.3000000000000007,1.38,0.0
2.400000000000001,1.44,0.0
2.500000000000001,1.5,0.0
2.600000000000001,1.5599999999999998,0.0
2.700000000000001,1.6199999999999999,0.0
2.800000000000001,1.68,0.0
2.9000000000000012,1.74,0.0
3.0000000000000013,1.7999999999999996,0.0
3.1000000000000014,1.8599999999999997,0.0
3.2000000000000015,1.9199999999999997,0.0
3.3000000000000016,1.9799999999999998,0.0
3.4000000000000017,2.04,0.0
3.5000000000000018,2.0999999999999996,0.0
3.600000000000002,2.1599999999999997,0.0
3.700000000000002,2.2199999999999998,0.0
3.800000000000002,2.28,0.0
3.900000000000002,2.3399999999999994,0.0
4.000000000000002,2.3999999999999995,0.0
4.100000000000001,2.4599999999999995,0.0
4.200000000000001,2.5199999999999996,0.0
4.300000000000001,2.5799999999999996,0.0
4.4,2.6399999999999997,0.0
4.5,2.6999999999999997,0.0
4.6,2.76,0.0
4.699999999999999,2.8199999999999994,0.0
4.799999999999999,2.88,0.0
4.899999999999999,2.9399999999999995,0.0
4.999999999999998,3.0,0.0
5.099999999999998,3.0599999999999996,0.0
5.1999999999999975,3.1199999999999997,0.0
5.299999999999997,3.1799999999999997,0.0
5.399999999999997,3.2399999999999998,0.0
5.4999999999999964,3.2999999999999994,0.0
5.599999999999996,3.36,0.0
5.699999999999996,3.4199999999999995,0.0
5.799999999999995,3.48,0.0
5.899999999999995,3.5399999999999996,0.0
5.999999999999995,3.599999999999999,0.0
6.099999999999994,3.6599999999999997,0.0
6.199999999999994,3.7199999999999993,0.0
6.299999999999994,3.78,0.0
6.399999999999993,3.8399999999999994,0.0
6.499999999999993,3.8999999999999995,0.0
6.5999999999999925,3.9599999999999995,0.0
6.699999999999992,4.02,0.0
6.799999999999992,4.08,0.0
6.8999999999999915,4.14,0.0
6.999999999999991,4.199999999999999,0.0
7.099999999999991,4.26,0.0
7.19999999999999,4.319999999999999,0.0
7.29999999999999,4.38,0.0
7.39999999999999,4.4399999999999995,0.0
7.499999999999989,4.499999999999999,0.0
7.599999999999989,4.56,0.0
7.699999999999989,4.619999999999999,0.0
7.799999999999988,4.6760947570824865,0.00942809041581949
7.899999999999988,4.71852116395368,0.05185449728701297
7.999999999999988,4.7609475708248725,0.09428090415820556
8.099999999999987,4.803373977696066,0.13670731102939904
8.199999999999987,4.845800384567259,0.17913371790059163
8.299999999999986,4.888226791438451,0.22156012477178422
8.399999999999986,4.930653198309644,0.2639865316429768
8.499999999999986,4.973079605180837,0.3064129385141703
8.599999999999985,5.01550601205203,0.3488393453853629
8.699999999999985,5.057932418923222,0.39126575225655547
8.799999999999985,5.100358825794415,0.43369215912774806
8.899999999999984,5.142785232665608,0.47611856599894065
8.999999999999984,5.185211639536801,0.5185449728701341
9.099999999999984,5.227638046407995,0.5609713797413276
9.199999999999983,5.270064453279187,0.6033977866125202
9.299999999999983,5.31249086015038,0.6458241934837128
9.399999999999983,5.354917267021572,0.6882506003549054
9.499999999999982,5.397343673892766,0.7306770072260989
9.599999999999982,5.439770080763958,0.7731034140972914
9.699999999999982,5.482196487635151,0.815529820968484
9.799999999999981,5.524622894506344,0.8579562278396766
9.89999999999998,5.567049301377536,0.9003826347108692
9.99999999999998,5.60947570824873,0.9428090415820627
10.09999999999998,5.651902115119922,0.9852354484532553
10.19999999999998,5.705059750219794,0.9924948274327599
10.29999999999998,5.763945192456381,0.9809837591677614
10.399999999999979,5.822830634692969,0.9694726909027628
10.499999999999979,5.881716076929558,0.957961622637764
10.599999999999978,5.940601519166146,0.9464505543727654
10.699999999999978,5.9994869614027335,0.9349394861077667
10.799999999999978,6.058372403639321,0.9234284178427681
10.899999999999977,6.117257845875909,0.9119173495777695
10.999999999999977,6.176143288112497,0.9004062813127708
11.099999999999977,6.235028730349086,0.888895213047772
11.199999999999976,6.293914172585674,0.8773841447827734
11.299999999999976,6.352799614822262,0.8658730765177748
11.399999999999975,6.4116850570588495,0.8543620082527761
11.499999999999975,6.470570499295437,0.8428509399877775
11.599999999999975,6.529455941532026,0.8313398717227787
11.699999999999974,6.588341383768614,0.8198288034577801
11.799999999999974,6.647226826005202,0.8083177351927814
11.899999999999974,6.706112268241789,0.7968066669277829
11.999999999999973,6.764997710478377,0.7852955986627843
12.099999999999973,6.823883152714966,0.7737845303977854
12.199999999999973,6.882768594951553,0.7622734621327869
12.299999999999972,6.941654037188141,0.7507623938677883
12.399999999999972,7.000539479424729,0.7392513256027896
12.499999999999972,7.059424921661317,0.727740257337791
12.599999999999971,7.118310363897906,0.7162291890727922
12.69999999999997,7.177195806134494,0.7047181208077935
12.79999999999997,7.2360812483710815,0.6932070525427949
12.89999999999997,7.294966690607669,0.6816959842777963
12.99999999999997,7.353852132844257,0.6701849160127977
13.09999999999997,7.412737575080846,0.6586738477477989
13.199999999999969,7.471623017317434,0.6471627794828003
13.299999999999969,7.530508459554021,0.6356517112178017
13.399999999999968,7.58939390179061,0.6241406429528029
13.499999999999968,7.648279344027197,0.6126295746878045
13.599999999999968,7.707164786263785,0.6011185064228057
13.699999999999967,7.766050228500374,0.5896074381578069
13.799999999999967,7.824935670736961,0.5780963698928084
13.899999999999967,7.883821112973549,0.5665853016278098
13.999999999999966,7.942706555210137,0.5550742333628111
14.099999999999966,8.001591997446726,0.5435631650978123
14.199999999999966,8.060477439683314,0.5320520968328135
14.299999999999965,8.119362881919901,0.5205410285678151
14.399999999999965,8.178248324156488,0.5090299603028167
14.499999999999964,8.237133766393077,0.49751889203781785
14.599999999999964,8.296019208629666,0.48600782377281904
14.699999999999964,8.354904650866253,0.47449675550782067
14.799999999999963,8.413790093102842,0.46298568724282185
14.899999999999963,8.472675535339429,0.45147461897782337
14.999999999999963,8.531560977576017,0.43996355071282456
15.099999999999962,8.590446419812604,0.4284524824478261
15.199999999999962,8.649331862049193,0.41694141418282726
15.299999999999962,8.708217304285782,0.40543034591782845
15.399999999999961,8.767102746522369,0.3939192776528301
15.499999999999961,8.825988188758956,0.3824082093878316
15.59999999999996,8.884873630995545,0.3708971411228328
15.69999999999996,8.943759073232133,0.35938607285783397
15.79999999999996,9.00264451546872,0.3478750045928355
15.89999999999996,9.061529957705309,0.3363639363278367
15.99999999999996,9.120415399941898,0.32485286806283786
16.09999999999996,9.179300842178485,0.3133417997978395
16.19999999999996,9.238186284415074,0.3018307315328407
16.29999999999996,9.29707172665166,0.2903196632678422
16.399999999999963,9.35595716888825,0.2788085950028434
16.499999999999964,9.414842611124838,0.26729752673784457
16.599999999999966,9.473728053361425,0.2557864584728461
16.699999999999967,9.532613495598014,0.24427539020784728
16.79999999999997,9.5914989378346,0.2327643219428488
16.89999999999997,9.65038438007119,0.2212532536778501
