0.0,0.0,0.0
0.1,0.05999999999999999,0.0
0.2,0.11999999999999998,0.0
0.30000000000000004,0.18,0.0
0.4,0.23999999999999996,0.0
0.5,0.29999999999999993,0.0
0.6,0.36,0.0
0.7,0.42,0.0
0.7999999999999999,0.4799999999999999,0.0
0.8999999999999999,0.5399999999999999,0.0
0.9999999999999999,0.5999999999999999,0.0
1.0999999999999999,0.6599999999999999,0.0
1.2,0.72,0.0
1.3,0.7799999999999999,0.0
1.4000000000000001,0.84,0.0
1.5000000000000002,0.8999999999999998,0.0
1.6000000000000003,0.9599999999999999,0.0
1.7000000000000004,1.02,0.0
1.8000000000000005,1.0799999999999998,0.0
1.9000000000000006,1.14,0.0
2.0000000000000004,1.1999999999999997,0.0
2.1000000000000005,1.2599999999999998,0.0
2.2000000000000006,1.3199999999999998,0.0
2.3000000000000007,1.38,0.0
2.400000000000001,1.44,0.0
2.500000000000001,1.5,0.0
2.600000000000001,1.5599999999999998,0.0
2.700000000000001,1.6199999999999999,0.0
2.800000000000001,1.68,0.0
2.9000000000000012,1.74,0.0
3.0000000000000013,1.7999999999999996,0.0
3.1000000000000014,1.8599999999999997,0.0
3.2000000000000015,1.9199999999999997,0.0
3.3000000000000016,1.9799999999999998,0.0
3.4000000000000017,2.04,0.0
3.5000000000000018,2.0999999999999996,0.0
3.600000000000002,2.1599999999999997,0.0
3.700000000000002,2.2199999999999998,0.0
3.800000000000002,2.28,0.0
3.900000000000002,2.3399999999999994,0.0
4.000000000000002,2.3999999999999995,0.0
4.100000000000001,2.4599999999999995,0.0
4.200000000000001,2.5199999999999996,0.0
4.300000000000001,2.5799999999999996,0.0
4.4,2.6399999999999997,0.0
4.5,2.6999999999999997,0.0
4.6,2.76,0.0
4.699999999999999,2.8199999999999994,0.0
4.799999999999999,2.88,0.0
4.899999999999999,2.9399999999999995,0.0
4.999999999999998,3.0,0.0
5.099999999999998,3.0599999999999996,0.0
5.1999999999999975,3.1199999999999997,0.0
5.299999999999997,3.1799999999999997,0.0
5.399999999999997,3.2399999999999998,0.0
5.4999999999999964,3.2999999999999994,0.0
5.599999999999996,3.36,0.0
5.699999999999996,3.4199999999999995,0.0
5.799999999999995,3.48,0.0
5.899999999999995,3.5399999999999996,0.0
5.999999999999995,3.599999999999999,0.0
6.099999999999994,3.6599999999999997,0.0
6.199999999999994,3.7199999999999993,0.0
6.299999999999994,3.78,0.0
6.399999999999993,3.8399999999999994,0.0
6.499999999999993,3.8999999999999995,0.0
6.5999999999999925,3.9599999999999995,0.0
6.699999999999992,4.02,0.0
6.799999999999992,4.08,0.0
6.8999999999999915,4.14,0.0
6.999999999999991,4.199999999999999,0.0
7.099999999999991,4.242426406871193,0.04242640687119259
7.19999999999999,4.284852813742385,0.08485281374238518
7.29999999999999,4.327279220613579,0.12727922061357866
7.39999999999999,4.369705627484771,0.16970562748477125
7.499999999999989,4.412132034355964,0.21213203435596384
7.599999999999989,4.4545584412271575,0.2545584412271573
7.699999999999989,4.49698484809835,0.2969848480983499
7.799999999999988,4.539411254969543,0.3394112549695425
7.899999999999988,4.581837661840735,0.3818376618407351
7.999999999999988,4.624264068711929,0.42426406871192857
8.099999999999987,4.666690475583121,0.46669047558312116
8.199999999999987,4.709116882454314,0.5091168824543137
8.299999999999986,4.7515432893255065,0.5515432893255063
8.399999999999986,4.793969696196699,0.5939696961966989
8.499999999999986,4.836396103067893,0.6363961030678924
8.599999999999985,4.878822509939086,0.6788225099390859
8.699999999999985,4.921248916810279,0.7212489168102785
8.799999999999985,4.963675323681471,0.7636753236814711
8.899999999999984,5.006101730552664,0.8061017305526637
8.999999999999984,5.048528137423857,0.8485281374238571
9.099999999999984,5.09095454429505,0.8909545442950497
9.199999999999983,5.1333809511662425,0.9333809511662423
9.299999999999983,5.175807358037435,0.9758073580374349
9.399999999999983,5.225402162800592,0.9955648573260368
9.499999999999982,5.284508030392221,0.9852451472409121
9.599999999999982,5.343613897983848,0.9749254371557877
9.699999999999982,5.402719765575475,0.9646057270706632
9.799999999999981,5.461825633167102,0.9542860169855388
9.89999999999998,5.52093150075873,0.9439663069004143
9.99999999999998,5.580037368350357,0.9336465968152897
10.09999999999998,5.639143235941985,0.9233268867301652
10.19999999999998,5.698249103533612,0.9130071766450408
10.29999999999998,5.757354971125238,0.9026874665599165
10.399999999999979,5.816460838716866,0.8923677564747919
10.499999999999979,5.8755667063084935,0.8820480463896674
10.599999999999978,5.934672573900121,0.8717283363045428
10.699999999999978,5.993778441491748,0.8614086262194185
10.799999999999978,6.0528843090833755,0.8510889161342939
10.899999999999977,6.111990176675002,0.8407692060491696
10.999999999999977,6.17109604426663,0.830449495964045
11.099999999999977,6.2302019118582574,0.8201297858789205
11.199999999999976,6.289307779449885,0.8098100757937959
11.299999999999976,6.348413647041512,0.7994903657086716
11.399999999999975,6.4075195146331385,0.7891706556235472
11.499999999999975,6.466625382224766,0.7788509455384227
11.599999999999975,6.525731249816394,0.7685312354532982
11.699999999999974,6.584837117408021,0.7582115253681736
11.799999999999974,6.643942984999648,0.7478918152830493
11.899999999999974,6.703048852591276,0.7375721051979247
11.999999999999973,6.762154720182902,0.7272523951128003
12.099999999999973,6.821260587774531,0.7169326850276756
12.199999999999973,6.880366455366158,0.7066129749425513
12.299999999999972,6.939472322957785,0.6962932648574267
12.399999999999972,6.998578190549412,0.6859735547723024
12.499999999999972,7.057684058141039,0.675653844687178
12.599999999999971,7.116789925732667,0.6653341346020534
12.69999999999997,7.175895793324294,0.6550144245169289
12.79999999999997,7.235001660915922,0.6446947144318044
12.89999999999997,7.294107528507549,0.6343750043466798
12.99999999999997,7.353213396099176,0.6240552942615555
13.09999999999997,7.412319263690804,0.6137355841764308
13.199999999999969,7.471425131282431,0.6034158740913065
13.299999999999969,7.530530998874058,0.593096164006182
13.399999999999968,7.5896368664656855,0.5827764539210575
13.499999999999968,7.648742734057312,0.5724567438359331
13.599999999999968,7.707848601648941,0.5621370337508085
13.699999999999967,7.766954469240567,0.551817323665684
13.799999999999967,7.826060336832194,0.5414976135805597
13.899999999999967,7.885166204423822,0.5311779034954351
13.999999999999966,7.944272072015449,0.5208581934103107
14.099999999999966,8.003377939607077,0.510538483325186
14.199999999999966,8.062483807198705,0.5002187732400616
14.299999999999965,8.121589674790332,0.48989906315493703
14.399999999999965,8.180695542381958,0.4795793530698128
14.499999999999964,8.239801409973586,0.46925964298468825
14.599999999999964,8.298907277565213,0.4589399328995637
14.699999999999964,8.358013145156841,0.44862022281443925
14.799999999999963,8.417119012748469,0.4383005127293147
14.899999999999963,8.476224880340094,0.4279808026441905
14.999999999999963,8.535330747931722,0.4176610925590659
15.099999999999962,8.59443661552335,0.40734138247394136
15.199999999999962,8.653542483114977,0.3970216723888168
15.299999999999962,8.712648350706605,0.38670196230369236
15.399999999999961,8.77175421829823,0.37638225221856814
15.499999999999961,8.830860085889858,0.3660625421334436
15.59999999999996,8.889965953481486,0.355742832048319
15.69999999999996,8.949071821073113,0.34542312196319447
15.79999999999996,9.008177688664741,0.3351034118780699
15.89999999999996,9.067283556256369,0.32478370179294547
15.99999999999996,9.126389423847995,0.31446399170782124
16.09999999999996,9.185495291439622,0.3041442816226967
16.19999999999996,9.244601159031252,0.2938245715375718
16.29999999999996,9.303707026622877,0.2835048614524476
16.399999999999963,9.362812894214505,0.27318515136732313
16.499999999999964,9.421918761806133,0.2628654412821986
16.599999999999966,9.481024629397758,0.25254573119707435
16.699999999999967,9.540130496989388,0.24222602111194946
16.79999999999997,9.599236364581014,0.23190631102682524
16.89999999999997,9.658342232172641,0.22158660094170068
