0.0,0.0,0.0
0.1,0.05999999999999999,0.0
0.2,0.11999999999999998,0.0
0.30000000000000004,0.18,0.0
0.4,0.23999999999999996,0.0
0.5,0.29999999999999993,0.0
0.6,0.36,0.0
0.7,0.42,0.0
0.7999999999999999,0.4799999999999999,0.0
0.8999999999999999,0.5399999999999999,0.0
0.9999999999999999,0.5999999999999999,0.0
1.0999999999999999,0.6599999999999999,0.0
1.2,0.72,0.0
1.3,0.7799999999999999,0.0
1.4000000000000001,0.84,0.0
1.5000000000000002,0.8999999999999998,0.0
1.6000000000000003,0.9599999999999999,0.0
1.7000000000000004,1.02,0.0
1.8000000000000005,1.0799999999999998,0.0
1.9000000000000006,1.14,0.0
2.0000000000000004,1.1999999999999997,0.0
2.1000000000000005,1.2599999999999998,0.0
2.2000000000000006,1.3199999999999998,0.0
2.3000000000000007,1.38,0.0
2.400000000000001,1.44,0.0
2.500000000000001,1.5,0.0
2.600000000000001,1.5599999999999998,0.0
2.700000000000001,1.6199999999999999,0.0
2.800000000000001,1.68,0.0
2.9000000000000012,1.74,0.0
3.0000000000000013,1.7999999999999996,0.0
3.1000000000000014,1.8599999999999997,0.0
3.2000000000000015,1.9199999999999997,0.0
3.3000000000000016,1.9799999999999998,0.0
3.4000000000000017,2.04,0.0
3.5000000000000018,2.0999999999999996,0.0
3.600000000000002,2.1599999999999997,0.0
3.700000000000002,2.2199999999999998,0.0
3.800000000000002,2.28,0.0
3.900000000000002,2.3399999999999994,0.0
4.000000000000002,2.3999999999999995,0.0
4.100000000000001,2.4599999999999995,0.0
4.200000000000001,2.5199999999999996,0.0
4.300000000000001,2.5799999999999996,0.0
4.4,2.6399999999999997,0.0
4.5,2.6999999999999997,0.0
4.6,2.76,0.0
4.699999999999999,2.8199999999999994,0.0
4.799999999999999,2.88,0.0
4.899999999999999,2.9399999999999995,0.0
4.999999999999998,3.0,0.0
5.099999999999998,3.0599999999999996,0.0
5.1999999999999975,3.1199999999999997,0.0
5.299999999999997,3.1799999999999997,0.0
5.399999999999997,3.2399999999999998,0.0
5.4999999999999964,3.2999999999999994,0.0
5.599999999999996,3.36,0.0
5.699999999999996,3.4199999999999995,0.0
5.799999999999995,3.48,0.0
5.899999999999995,3.5399999999999996,0.0
5.999999999999995,3.599999999999999,0.0
6.099999999999994,3.6599999999999997,0.0
6.199999999999994,3.7199999999999993,0.0
6.299999999999994,3.78,0.0
6.399999999999993,3.8399999999999994,0.0
6.499999999999993,3.8999999999999995,0.0
6.5999999999999925,3.9599999999999995,0.0
6.699999999999992,4.02,0.0
6.799999999999992,4.08,0.0
6.8999999999999915,4.14,0.0
6.999999999999991,4.199999999999999,0.0
7.099999999999991,4.242426406871193,0.04242640687119259
7.19999999999999,4.284852813742385,0.08485281374238518
7.29999999999999,4.327279220613579,0.12727922061357866
7.39999999999999,4.369705627484771,0.16970562748477125
7.499999999999989,4.412132034355964,0.21213203435596384
7.599999999999989,4.4545584412271575,0.2545584412271573
7.699999999999989,4.49698484809835,0.2969848480983499
7.799999999999988,4.539411254969543,0.3394112549695425
7.899999999999988,4.581837661840735,0.3818376618407351
7.999999999999988,4.624264068711929,0.42426406871192857
8.099999999999987,4.666690475583121,0.46669047558312116
8.199999999999987,4.709116882454314,0.5091168824543137
8.299999999999986,4.7515432893255065,0.5515432893255063
8.399999999999986,4.793969696196699,0.5939696961966989
8.499999999999986,4.836396103067893,0.6363961030678924
8.599999999999985,4.878822509939086,0.6788225099390859
8.699999999999985,4.921248916810279,0.7212489168102785
8.799999999999985,4.963675323681471,0.7636753236814711
8.899999999999984,5.006101730552664,0.8061017305526637
8.999999999999984,5.048528137423857,0.8485281374238571
9.099999999999984,5.09095454429505,0.8909545442950497
9.199999999999983,5.1333809511662425,0.9333809511662423
9.299999999999983,5.175807358037435,0.9758073580374349
9.399999999999983,5.225511198471817,0.996242458514164
9.499999999999982,5.284870770757677,0.9874993939461858
9.599999999999982,5.344230343043536,0.9787563293782077
9.699999999999982,5.403589915329396,0.9700132648102295
9.799999999999981,5.462949487615255,0.9612702002422514
9.89999999999998,5.522309059901114,0.9525271356742733
9.99999999999998,5.581668632186974,0.943784071106295
10.09999999999998,5.641028204472834,0.9350410065383169
10.19999999999998,5.700387776758692,0.9262979419703389
10.29999999999998,5.759747349044551,0.9175548774023607
10.399999999999979,5.819106921330411,0.9088118128343826
10.499999999999979,5.878466493616271,0.9000687482664044
10.599999999999978,5.93782606590213,0.8913256836984262
10.699999999999978,5.9971856381879896,0.8825826191304481
10.799999999999978,6.056545210473849,0.87383955456247
10.899999999999977,6.115904782759708,0.865096489994492
10.999999999999977,6.175264355045567,0.8563534254265139
11.099999999999977,6.234623927331427,0.8476103608585357
11.199999999999976,6.293983499617287,0.8388672962905575
11.299999999999976,6.353343071903145,0.8301242317225794
11.399999999999975,6.412702644189005,0.8213811671546013
11.499999999999975,6.472062216474864,0.8126381025866232
11.599999999999975,6.531421788760724,0.8038950380186449
11.699999999999974,6.5907813610465835,0.7951519734506668
11.799999999999974,6.650140933332443,0.7864089088826887
11.899999999999974,6.709500505618301,0.7776658443147106
11.999999999999973,6.768860077904161,0.7689227797467324
12.099999999999973,6.828219650190022,0.7601797151787542
12.199999999999973,6.88757922247588,0.7514366506107761
12.299999999999972,6.946938794761739,0.7426935860427981
12.399999999999972,7.006298367047599,0.7339505214748199
12.499999999999972,7.065657939333458,0.7252074569068419
12.599999999999971,7.125017511619318,0.7164643923388636
12.69999999999997,7.1843770839051775,0.7077213277708854
12.79999999999997,7.243736656191036,0.6989782632029075
12.89999999999997,7.303096228476896,0.6902351986349292
12.99999999999997,7.3624558007627545,0.6814921340669512
13.09999999999997,7.421815373048615,0.672749069498973
13.199999999999969,7.481174945334474,0.6640060049309948
13.299999999999969,7.540534517620333,0.6552629403630167
13.399999999999968,7.599894089906193,0.6465198757950386
13.499999999999968,7.659253662192052,0.6377768112270605
13.599999999999968,7.718613234477912,0.6290337466590822
13.699999999999967,7.777972806763771,0.6202906820911043
13.799999999999967,7.837332379049631,0.611547617523126
13.899999999999967,7.896691951335489,0.602804552955148
13.999999999999966,7.9560515236213485,0.5940614883871699
14.099999999999966,8.015411095907208,0.5853184238191917
14.199999999999966,8.074770668193068,0.5765753592512135
14.299999999999965,8.134130240478928,0.5678322946832353
14.399999999999965,8.193489812764787,0.5590892301152572
14.499999999999964,8.252849385050645,0.5503461655472792
14.599999999999964,8.312208957336505,0.541603100979301
14.699999999999964,8.371568529622365,0.5328600364113227
14.799999999999963,8.430928101908224,0.5241169718433447
14.899999999999963,8.490287674194082,0.5153739072753667
14.999999999999963,8.549647246479942,0.5066308427073885
15.099999999999962,8.609006818765803,0.4978877781394102
15.199999999999962,8.668366391051663,0.48914471357143197
15.299999999999962,8.727725963337521,0.48040164900345395
15.399999999999961,8.78708553562338,0.47165858443547604
15.499999999999961,8.84644510790924,0.4629155198674978
15.59999999999996,8.905804680195098,0.4541724552995198
15.69999999999996,8.965164252480958,0.44542939073154153
15.79999999999996,9.024523824766817,0.4366863261635635
15.89999999999996,9.083883397052677,0.42794326159558527
15.99999999999996,9.143242969338537,0.419200197027607
16.09999999999996,9.202602541624396,0.410457132459629
16.19999999999996,9.261962113910256,0.40171406789165076
16.29999999999996,9.321321686196114,0.39297100332367274
16.399999999999963,9.380681258481975,0.3842279387556945
16.499999999999964,9.440040830767835,0.37548487418771626
16.599999999999966,9.499400403053691,0.36674180961973857
16.699999999999967,9.558759975339552,0.3579987450517603
