0.0,0.0,0.0
0.1,0.05999999999999999,0.0
0.2,0.11999999999999998,0.0
0.30000000000000004,0.18,0.0
0.4,0.23999999999999996,0.0
0.5,0.29999999999999993,0.0
0.6,0.36,0.0
0.7,0.42,0.0
0.7999999999999999,0.4799999999999999,0.0
0.8999999999999999,0.5399999999999999,0.0
0.9999999999999999,0.5999999999999999,0.0
1.0999999999999999,0.6599999999999999,0.0
1.2,0.72,0.0
1.3,0.7799999999999999,0.0
1.4000000000000001,0.84,0.0
1.5000000000000002,0.8999999999999998,0.0
1.6000000000000003,0.9599999999999999,0.0
1.7000000000000004,1.02,0.0
1.8000000000000005,1.0799999999999998,0.0
1.9000000000000006,1.14,0.0
2.0000000000000004,1.1999999999999997,0.0
2.1000000000000005,1.2599999999999998,0.0
2.2000000000000006,1.3199999999999998,0.0
2.3000000000000007,1.38,0.0
2.400000000000001,1.44,0.0
2.500000000000001,1.5,0.0
2.600000000000001,1.5599999999999998,0.0
2.700000000000001,1.6199999999999999,0.0
2.800000000000001,1.68,0.0
2.9000000000000012,1.74,0.0
3.0000000000000013,1.7999999999999996,0.0
3.1000000000000014,1.8599999999999997,0.0
3.2000000000000015,1.9199999999999997,0.0
3.3000000000000016,1.9799999999999998,0.0
3.4000000000000017,2.04,0.0
3.5000000000000018,2.0999999999999996,0.0
3.600000000000002,2.1599999999999997,0.0
3.700000000000002,2.2199999999999998,0.0
3.800000000000002,2.28,0.0
3.900000000000002,2.3399999999999994,0.0
4.000000000000002,2.3999999999999995,0.0
4.100000000000001,2.4599999999999995,0.0
4.200000000000001,2.5199999999999996,0.0
4.300000000000001,2.5799999999999996,0.0
4.4,2.6399999999999997,0.0
4.5,2.6999999999999997,0.0
4.6,2.76,0.0
4.699999999999999,2.8199999999999994,0.0
4.799999999999999,2.88,0.0
4.899999999999999,2.9399999999999995,0.0
4.999999999999998,3.0,0.0
5.099999999999998,3.0599999999999996,0.0
5.1999999999999975,3.1199999999999997,0.0
5.299999999999997,3.1799999999999997,0.0
5.399999999999997,3.2399999999999998,0.0
5.4999999999999964,3.2999999999999994,0.0
5.599999999999996,3.36,0.0
5.699999999999996,3.4199999999999995,0.0
5.799999999999995,3.48,0.0
5.899999999999995,3.5399999999999996,0.0
5.999999999999995,3.599999999999999,0.0
6.099999999999994,3.6599999999999997,0.0
6.199999999999994,3.7199999999999993,0.0
6.299999999999994,3.78,0.0
6.399999999999993,3.8399999999999994,0.0
6.499999999999993,3.8999999999999995,0.0
6.5999999999999925,3.9599999999999995,0.0
6.699999999999992,4.02,0.0
6.799999999999992,4.08,0.0
6.8999999999999915,4.14,0.0
6.999999999999991,4.199999999999999,0.0
7.099999999999991,4.26,0.0
7.19999999999999,4.319999999999999,0.0
7.29999999999999,4.38,0.0
7.39999999999999,4.4399999999999995,0.0
7.499999999999989,4.499999999999999,0.0
7.599999999999989,4.56,0.0
7.699999999999989,4.619999999999999,0.0
7.799999999999988,4.6760947570824865,0.00942809041581949
7.899999999999988,4.71852116395368,0.05185449728701297
7.999999999999988,4.7609475708248725,0.09428090415820556
8.099999999999987,4.803373977696066,0.13670731102939904
8.199999999999987,4.845800384567259,0.17913371790059163
8.299999999999986,4.888226791438451,0.22156012477178422
8.399999999999986,4.930653198309644,0.2639865316429768
8.499999999999986,4.973079605180837,0.3064129385141703
8.599999999999985,5.01550601205203,0.3488393453853629
8.699999999999985,5.057932418923222,0.39126575225655547
8.799999999999985,5.100358825794415,0.43369215912774806
8.899999999999984,5.142785232665608,0.47611856599894065
8.999999999999984,5.185211639536801,0.5185449728701341
9.099999999999984,5.227638046407995,0.5609713797413276
9.199999999999983,5.270064453279187,0.6033977866125202
9.299999999999983,5.31249086015038,0.6458241934837128
9.399999999999983,5.354917267021572,0.6882506003549054
9.499999999999982,5.397343673892766,0.7306770072260989
9.599999999999982,5.439770080763958,0.7731034140972914
9.699999999999982,5.482196487635151,0.815529820968484
9.799999999999981,5.524622894506344,0.8579562278396766
9.89999999999998,5.567049301377536,0.9003826347108692
9.99999999999998,5.60947570824873,0.9428090415820627
10.09999999999998,5.651902115119922,0.9852354484532553
10.19999999999998,5.705131860174286,0.9928736146327289
10.29999999999998,5.764127901148119,0.981943511732309
10.399999999999979,5.823123942121953,0.9710134088318888
10.499999999999979,5.882119983095786,0.9600833059314686
10.599999999999978,5.94111602406962,0.9491532030310486
10.699999999999978,6.000112065043453,0.9382231001306285
10.799999999999978,6.059108106017286,0.9272929972302085
10.899999999999977,6.1181041469911195,0.9163628943297883
10.999999999999977,6.177100187964952,0.9054327914293684
11.099999999999977,6.236096228938787,0.894502688528948
11.199999999999976,6.29509226991262,0.883572585628528
11.299999999999976,6.354088310886453,0.8726424827281078
11.399999999999975,6.413084351860286,0.8617123798276879
11.499999999999975,6.472080392834119,0.8507822769272679
11.599999999999975,6.531076433807954,0.8398521740268476
11.699999999999974,6.5900724747817865,0.8289220711264276
11.799999999999974,6.64906851575562,0.8179919682260075
11.899999999999974,6.708064556729453,0.8070618653255874
11.999999999999973,6.767060597703287,0.7961317624251674
12.099999999999973,6.82605663867712,0.7852016595247472
12.199999999999973,6.885052679650954,0.774271556624327
12.299999999999972,6.944048720624787,0.7633414537239069
12.399999999999972,7.00304476159862,0.752411350823487
12.499999999999972,7.0620408025724535,0.7414812479230668
12.599999999999971,7.121036843546287,0.7305511450226467
12.69999999999997,7.180032884520121,0.7196210421222266
12.79999999999997,7.239028925493954,0.7086909392218066
12.89999999999997,7.298024966467787,0.6977608363213864
12.99999999999997,7.35702100744162,0.6868307334209665
13.09999999999997,7.416017048415455,0.6759006305205462
13.199999999999969,7.475013089389288,0.6649705276201261
13.299999999999969,7.5340091303631205,0.654040424719706
13.399999999999968,7.593005171336954,0.643110321819286
13.499999999999968,7.652001212310787,0.6321802189188659
13.599999999999968,7.710997253284621,0.6212501160184458
13.699999999999967,7.769993294258454,0.6103200131180256
13.799999999999967,7.828989335232288,0.5993899102176055
13.899999999999967,7.887985376206121,0.5884598073171855
13.999999999999966,7.946981417179954,0.5775297044167655
14.099999999999966,8.005977458153788,0.5665996015163453
14.199999999999966,8.064973499127621,0.5556694986159252
14.299999999999965,8.123969540101454,0.5447393957155052
14.399999999999965,8.182965581075287,0.5338092928150853
14.499999999999964,8.241961622049121,0.5228791899146649
14.599999999999964,8.300957663022956,0.5119490870142446
14.699999999999964,8.359953703996789,0.5010189841138246
14.799999999999963,8.418949744970622,0.49008888121340455
14.899999999999963,8.477945785944454,0.4791587783129846
14.999999999999963,8.536941826918287,0.46822867541256463
15.099999999999962,8.595937867892122,0.45729857251214423
15.199999999999962,8.654933908865955,0.4463684696117243
15.299999999999962,8.713929949839788,0.4354383667113043
15.399999999999961,8.772925990813622,0.424508263810884
15.499999999999961,8.831922031787455,0.41357816091046395
15.59999999999996,8.890918072761288,0.402648058010044
15.69999999999996,8.949914113735122,0.3917179551096237
15.79999999999996,9.008910154708955,0.38078785220920364
15.89999999999996,9.067906195682788,0.3698577493087837
15.99999999999996,9.126902236656623,0.3589276464083634
16.09999999999996,9.185898277630455,0.34799754350794343
16.19999999999996,9.244894318604288,0.33706744060752336
16.29999999999996,9.303890359578121,0.3261373377071034
16.399999999999963,9.362886400551956,0.3152072348066831
16.499999999999964,9.42188244152579,0.3042771319062627
16.599999999999966,9.480878482499621,0.2933470290058431
16.699999999999967,9.539874523473456,0.2824169261054228
16.79999999999997,9.598870564447289,0.27148682320500284
16.89999999999997,9.657866605421123,0.26055672030458243
