0.0,0.0,0.0
0.1,0.05999999999999999,0.0
0.2,0.11999999999999998,0.0
0.30000000000000004,0.18,0.0
0.4,0.23999999999999996,0.0
0.5,0.29999999999999993,0.0
0.6,0.36,0.0
0.7,0.42,0.0
0.7999999999999999,0.4799999999999999,0.0
0.8999999999999999,0.5399999999999999,0.0
0.9999999999999999,0.5999999999999999,0.0
1.0999999999999999,0.6599999999999999,0.0
1.2,0.72,0.0
1.3,0.7799999999999999,0.0
1.4000000000000001,0.84,0.0
1.5000000000000002,0.8999999999999998,0.0
1.6000000000000003,0.9599999999999999,0.0
1.7000000000000004,1.014142135623731,0.014142135623731011
1.8000000000000005,1.0565685424949236,0.0565685424949236
1.9000000000000006,1.0989949493661166,0.09899494936611664
2.0000000000000004,1.1414213562373094,0.14142135623730945
2.1000000000000005,1.1838477631085023,0.18384776310850226
2.2000000000000006,1.226274169979695,0.22627416997969507
2.3000000000000007,1.2687005768508879,0.2687005768508879
2.400000000000001,1.311126983722081,0.3111269837220809
2.500000000000001,1.3535533905932737,0.35355339059327373
2.600000000000001,1.3959797974644665,0.39597979746446654
2.700000000000001,1.4384062043356594,0.43840620433565936
2.800000000000001,1.4808326112068522,0.48083261120685217
2.9000000000000012,1.5232590180780452,0.5232590180780452
3.0000000000000013,1.5656854249492378,0.5656854249492378
3.1000000000000014,1.6081118318204308,0.6081118318204308
3.2000000000000015,1.6505382386916234,0.6505382386916234
3.3000000000000016,1.6929646455628165,0.6929646455628165
3.4000000000000017,1.7353910524340095,0.7353910524340095
3.5000000000000018,1.777817459305202,0.7778174593052021
3.600000000000002,1.8202438661763949,0.8202438661763949
3.700000000000002,1.862670273047588,0.8626702730475879
3.800000000000002,1.9050966799187807,0.9050966799187807
3.900000000000002,1.9475230867899733,0.9475230867899733
4.000000000000002,1.9899494936611664,0.9899494936611664
4.100000000000001,2.0457864376269046,1.0
4.200000000000001,2.105786437626904,1.0
4.300000000000001,2.1657864376269047,1.0
4.4,2.2257864376269043,1.0
4.5,2.285786437626905,1.0
4.6,2.3457864376269044,1.0
4.699999999999999,2.4057864376269045,1.0
4.799999999999999,2.4657864376269045,1.0
4.899999999999999,2.5257864376269046,1.0
4.999999999999998,2.5857864376269046,1.0
5.099999999999998,2.6457864376269047,1.0
5.1999999999999975,2.7057864376269043,1.0
5.299999999999997,2.765786437626905,1.0
5.399999999999997,2.8257864376269044,1.0
5.4999999999999964,2.885786437626904,1.0
5.599999999999996,2.9457864376269045,1.0
5.699999999999996,3.005786437626904,1.0
5.799999999999995,3.0657864376269046,1.0
5.899999999999995,3.1257864376269042,1.0
5.999999999999995,3.185786437626904,1.0
6.099999999999994,3.2457864376269043,1.0
6.199999999999994,3.305786437626904,1.0
6.299999999999994,3.3657864376269044,1.0
6.399999999999993,3.425786437626904,1.0
6.499999999999993,3.485786437626904,1.0
6.5999999999999925,3.545786437626904,1.0
6.699999999999992,3.605786437626904,1.0
6.799999999999992,3.6657864376269043,1.0
6.8999999999999915,3.7257864376269043,1.0
6.999999999999991,3.7857864376269044,1.0
7.099999999999991,3.8457864376269044,1.0
7.19999999999999,3.9057864376269045,1.0
7.29999999999999,3.9657864376269045,1.0
7.39999999999999,4.025786437626904,1.0
7.499999999999989,4.085786437626904,1.0
7.599999999999989,4.145786437626905,1.0
7.699999999999989,4.205786437626904,1.0
7.799999999999988,4.265786437626904,1.0
7.899999999999988,4.325786437626904,1.0
7.999999999999988,4.385786437626904,1.0
8.099999999999987,4.4457864376269045,1.0
8.199999999999987,4.505786437626904,1.0
8.299999999999986,4.565786437626905,1.0
8.399999999999986,4.625786437626903,1.0
8.499999999999986,4.685786437626905,1.0
8.599999999999985,4.745786437626904,1.0
8.699999999999985,4.805786437626905,1.0
8.799999999999985,4.8657864376269035,1.0
8.899999999999984,4.925786437626904,1.0
8.999999999999984,4.9857864376269045,1.0
9.099999999999984,5.045786437626905,1.0
9.199999999999983,5.105786437626904,1.0
9.299999999999983,5.165786437626904,1.0
9.399999999999983,5.225786437626904,1.0
9.499999999999982,5.285786437626905,1.0
9.599999999999982,5.345786437626904,1.0
9.699999999999982,5.4057864376269045,1.0
9.799999999999981,5.465786437626904,1.0
9.89999999999998,5.525786437626904,1.0
9.99999999999998,5.585786437626904,1.0
10.09999999999998,5.645786437626905,1.0
10.19999999999998,5.705786437626904,1.0
10.29999999999998,5.765786437626904,1.0
10.399999999999979,5.8257864376269035,1.0
10.499999999999979,5.885786437626905,1.0
10.599999999999978,5.9457864376269045,1.0
10.699999999999978,6.005786437626904,1.0
10.799999999999978,6.065786437626904,1.0
10.899999999999977,6.125786437626903,1.0
10.999999999999977,6.185786437626904,1.0
11.099999999999977,6.245786437626904,1.0
11.199999999999976,6.305786437626904,1.0
11.299999999999976,6.3657864376269035,1.0
11.399999999999975,6.4246176992344415,0.9949319256309139
11.499999999999975,6.478558331790326,0.9686563065236299
11.599999999999975,6.532498964346211,0.9423806874163458
11.699999999999974,6.586439596902095,0.9161050683090622
11.799999999999974,6.64038022945798,0.8898294492017782
11.899999999999974,6.694320862013864,0.8635538300944946
11.999999999999973,6.748261494569748,0.837278210987211
12.099999999999973,6.802202127125634,0.8110025918799265
12.199999999999973,6.856142759681518,0.7847269727726429
12.299999999999972,6.910083392237402,0.7584513536653593
12.399999999999972,6.964024024793286,0.7321757345580757
12.499999999999972,7.017964657349171,0.7059001154507917
12.599999999999971,7.071905289905056,0.6796244963435076
12.69999999999997,7.12584592246094,0.653348877236224
12.79999999999997,7.1797865550168245,0.62707325812894
12.89999999999997,7.2337271875727085,0.6007976390216564
12.99999999999997,7.2876678201285925,0.5745220199143728
13.09999999999997,7.341608452684478,0.5482464008070883
13.199999999999969,7.395549085240362,0.5219707816998047
13.299999999999969,7.449489717796246,0.4956951625925211
13.399999999999968,7.503430350352131,0.46941954348523707
13.499999999999968,7.557370982908015,0.44314392437795347
13.599999999999968,7.6113116154639,0.4168683052706694
13.699999999999967,7.665252248019785,0.3905926861633854
13.799999999999967,7.719192880575669,0.3643170670561018
13.899999999999967,7.773133513131553,0.3380414479488182
13.999999999999966,7.827074145687437,0.3117658288415346
14.099999999999966,7.881014778243323,0.2854902097342501
14.199999999999966,7.934955410799207,0.2592145906269665
14.299999999999965,7.988896043355091,0.2329389715196829
14.399999999999965,8.042836675910975,0.2066633524123993
14.499999999999964,8.096777308466859,0.1803877333051157
14.599999999999964,8.150717941022744,0.15411211419783122
14.699999999999964,8.204658573578628,0.12783649509054762
14.799999999999963,8.258599206134512,0.10156087598326402
14.899999999999963,8.312539838690398,0.07528525687597953
14.999999999999963,8.366480471246282,0.049009637768695935
15.099999999999962,8.420421103802166,0.022734018661412336
15.199999999999962,8.474361736358052,-0.0035416004458721506
15.299999999999962,8.528302368913936,-0.02981721955315564
15.399999999999961,8.58224300146982,-0.05609283866043935
15.499999999999961,8.636183634025704,-0.08236845776772284
15.59999999999996,8.690124266581588,-0.10864407687500655
15.69999999999996,8.744064899137474,-0.13491969598229092
15.79999999999996,8.798005531693358,-0.16119531508957463
15.89999999999996,8.851946164249242,-0.18747093419685812
15.99999999999996,8.905886796805126,-0.21374655330414183
16.09999999999996,8.95982742936101,-0.24002217241142532
16.19999999999996,9.013768061916895,-0.2662977915187099
