0.0,0.0,0.0
0.1,0.05999999999999999,0.0
0.2,0.11999999999999998,0.0
0.30000000000000004,0.18,0.0
0.4,0.23999999999999996,0.0
0.5,0.29999999999999993,0.0
0.6,0.36,0.0
0.7,0.42,0.0
0.7999999999999999,0.4799999999999999,0.0
0.8999999999999999,0.5399999999999999,0.0
0.9999999999999999,0.5999999999999999,0.0
1.0999999999999999,0.6599999999999999,0.0
1.2,0.72,0.0
1.3,0.7799999999999999,0.0
1.4000000000000001,0.84,0.0
1.5000000000000002,0.8999999999999998,0.0
1.6000000000000003,0.9599999999999999,0.0
1.7000000000000004,1.014142135623731,0.014142135623731011
1.8000000000000005,1.0565685424949236,0.0565685424949236
1.9000000000000006,1.0989949493661166,0.09899494936611664
2.0000000000000004,1.1414213562373094,0.14142135623730945
2.1000000000000005,1.1838477631085023,0.18384776310850226
2.2000000000000006,1.226274169979695,0.22627416997969507
2.3000000000000007,1.2687005768508879,0.2687005768508879
2.400000000000001,1.311126983722081,0.3111269837220809
2.500000000000001,1.3535533905932737,0.35355339059327373
2.600000000000001,1.3959797974644665,0.39597979746446654
2.700000000000001,1.4384062043356594,0.43840620433565936
2.800000000000001,1.4808326112068522,0.48083261120685217
2.9000000000000012,1.5232590180780452,0.5232590180780452
3.0000000000000013,1.5656854249492378,0.5656854249492378
3.1000000000000014,1.6081118318204308,0.6081118318204308
3.2000000000000015,1.6505382386916234,0.6505382386916234
3.3000000000000016,1.6929646455628165,0.6929646455628165
3.4000000000000017,1.7353910524340095,0.7353910524340095
3.5000000000000018,1.777817459305202,0.7778174593052021
3.600000000000002,1.8202438661763949,0.8202438661763949
3.700000000000002,1.862670273047588,0.8626702730475879
3.800000000000002,1.9050966799187807,0.9050966799187807
3.900000000000002,1.9475230867899733,0.9475230867899733
4.000000000000002,1.9899494936611664,0.9899494936611664
4.100000000000001,2.0457864376269046,1.0
4.200000000000001,2.105786437626904,1.0
4.300000000000001,2.1657864376269047,1.0
4.4,2.2257864376269043,1.0
4.5,2.285786437626905,1.0
4.6,2.3457864376269044,1.0
4.699999999999999,2.4057864376269045,1.0
4.799999999999999,2.4657864376269045,1.0
4.899999999999999,2.5257864376269046,1.0
4.999999999999998,2.5857864376269046,1.0
5.099999999999998,2.6457864376269047,1.0
5.1999999999999975,2.7057864376269043,1.0
5.299999999999997,2.765786437626905,1.0
5.399999999999997,2.8257864376269044,1.0
5.4999999999999964,2.885786437626904,1.0
5.599999999999996,2.9457864376269045,1.0
5.699999999999996,3.005786437626904,1.0
5.799999999999995,3.0657864376269046,1.0
5.899999999999995,3.1257864376269042,1.0
5.999999999999995,3.185786437626904,1.0
6.099999999999994,3.2457864376269043,1.0
6.199999999999994,3.305786437626904,1.0
6.299999999999994,3.3657864376269044,1.0
6.399999999999993,3.425786437626904,1.0
6.499999999999993,3.485786437626904,1.0
6.5999999999999925,3.545786437626904,1.0
6.699999999999992,3.605786437626904,1.0
6.799999999999992,3.6657864376269043,1.0
6.8999999999999915,3.7257864376269043,1.0
6.999999999999991,3.7857864376269044,1.0
7.099999999999991,3.8457864376269044,1.0
7.19999999999999,3.9057864376269045,1.0
7.29999999999999,3.9657864376269045,1.0
7.39999999999999,4.025786437626904,1.0
7.499999999999989,4.085786437626904,1.0
7.599999999999989,4.145786437626905,1.0
7.699999999999989,4.205786437626904,1.0
7.799999999999988,4.265786437626904,1.0
7.899999999999988,4.325786437626904,1.0
7.999999999999988,4.385786437626904,1.0
8.099999999999987,4.4457864376269045,1.0
8.199999999999987,4.505786437626904,1.0
8.299999999999986,4.565786437626905,1.0
8.399999999999986,4.625786437626903,1.0
8.499999999999986,4.685786437626905,1.0
8.599999999999985,4.745786437626904,1.0
8.699999999999985,4.805786437626905,1.0
8.799999999999985,4.8657864376269035,1.0
8.899999999999984,4.925786437626904,1.0
8.999999999999984,4.9857864376269045,1.0
9.099999999999984,5.045786437626905,1.0
9.199999999999983,5.105786437626904,1.0
9.299999999999983,5.165786437626904,1.0
9.399999999999983,5.225786437626904,1.0
9.499999999999982,5.285786437626905,1.0
9.599999999999982,5.345786437626904,1.0
9.699999999999982,5.4057864376269045,1.0
9.799999999999981,5.465786437626904,1.0
9.89999999999998,5.525786437626904,1.0
9.99999999999998,5.585786437626904,1.0
10.09999999999998,5.645786437626905,1.0
10.19999999999998,5.705786437626904,1.0
10.29999999999998,5.765786437626904,1.0
10.399999999999979,5.8257864376269035,1.0
10.499999999999979,5.885786437626905,1.0
10.599999999999978,5.9457864376269045,1.0
10.699999999999978,6.005786437626904,1.0
10.799999999999978,6.065786437626904,1.0
10.899999999999977,6.125786437626903,1.0
10.999999999999977,6.185786437626904,1.0
11.099999999999977,6.245786437626904,1.0
11.199999999999976,6.305786437626904,1.0
11.299999999999976,6.3657864376269035,1.0
11.399999999999975,6.424013751093845,0.9938446980027055
11.499999999999975,6.474823192166104,0.9619323070248328
11.599999999999975,6.525632633238365,0.9300199160469591
11.699999999999974,6.5764420743106236,0.8981075250690864
11.799999999999974,6.627251515382882,0.8661951340912138
11.899999999999974,6.678060956455141,0.8342827431133412
11.999999999999973,6.7288703975274,0.8023703521354686
12.099999999999973,6.779679838599661,0.7704579611575948
12.199999999999973,6.830489279671919,0.7385455701797222
12.299999999999972,6.881298720744178,0.7066331792018496
12.399999999999972,6.932108161816437,0.674720788223977
12.499999999999972,6.982917602888696,0.6428083972461043
12.599999999999971,7.0337270439609565,0.6108960062682306
12.69999999999997,7.084536485033215,0.578983615290358
12.79999999999997,7.135345926105474,0.5470712243124853
12.89999999999997,7.186155367177733,0.5151588333346128
12.99999999999997,7.236964808249992,0.4832464423567401
13.09999999999997,7.287774249322252,0.4513340513788664
13.199999999999969,7.338583690394511,0.4194216604009937
13.299999999999969,7.38939313146677,0.38750926942312114
13.399999999999968,7.440202572539029,0.35559687844524857
13.499999999999968,7.491012013611288,0.3236844874673759
13.599999999999968,7.541821454683548,0.2917720964895022
13.699999999999967,7.592630895755807,0.2598597055116295
13.799999999999967,7.643440336828066,0.22794731453375694
13.899999999999967,7.694249777900325,0.19603492355588426
13.999999999999966,7.745059218972584,0.16412253257801113
14.099999999999966,7.795868660044844,0.1322101416001379
14.199999999999966,7.846678101117103,0.10029775062226531
14.299999999999965,7.897487542189362,0.06838535964439263
14.399999999999965,7.948296983261621,0.036472968666520056
14.499999999999964,7.99910642433388,0.004560577688646816
14.599999999999964,8.04991586540614,-0.027351813289226312
14.699999999999964,8.100725306478399,-0.059264204267099
14.799999999999963,8.151534747550658,-0.09117659524497146
14.899999999999963,8.202344188622916,-0.12308898622284414
14.999999999999963,8.253153629695175,-0.15500137720071683
15.099999999999962,8.303963070767434,-0.1869137681785895
15.199999999999962,8.354772511839695,-0.21882615915646308
15.299999999999962,8.405581952911954,-0.25073855013433577
15.399999999999961,8.456391393984212,-0.28265094111220845
15.499999999999961,8.507200835056473,-0.31456333209008225
15.59999999999996,8.558010276128732,-0.3464757230679547
