0.0,0.0,0.0
0.1,0.05999999999999999,0.0
0.2,0.11999999999999998,0.0
0.30000000000000004,0.18,0.0
0.4,0.23999999999999996,0.0
0.5,0.29999999999999993,0.0
0.6,0.36,0.0
0.7,0.42,0.0
0.7999999999999999,0.4799999999999999,0.0
0.8999999999999999,0.5399999999999999,0.0
0.9999999999999999,0.5999999999999999,0.0
1.0999999999999999,0.6599999999999999,0.0
1.2,0.72,0.0
1.3,0.7799999999999999,0.0
1.4000000000000001,0.84,0.0
1.5000000000000002,0.8999999999999998,0.0
1.6000000000000003,0.9599999999999999,0.0
1.7000000000000004,1.014142135623731,0.014142135623731011
1.8000000000000005,1.0565685424949236,0.0565685424949236
1.9000000000000006,1.0989949493661166,0.09899494936611664
2.0000000000000004,1.1414213562373094,0.14142135623730945
2.1000000000000005,1.1838477631085023,0.18384776310850226
2.2000000000000006,1.226274169979695,0.22627416997969507
2.3000000000000007,1.2687005768508879,0.2687005768508879
2.400000000000001,1.311126983722081,0.3111269837220809
2.500000000000001,1.3535533905932737,0.35355339059327373
2.600000000000001,1.3959797974644665,0.39597979746446654
2.700000000000001,1.4384062043356594,0.43840620433565936
2.800000000000001,1.4808326112068522,0.48083261120685217
2.9000000000000012,1.5232590180780452,0.5232590180780452
3.0000000000000013,1.5656854249492378,0.5656854249492378
3.1000000000000014,1.6081118318204308,0.6081118318204308
3.2000000000000015,1.6505382386916234,0.6505382386916234
3.3000000000000016,1.6929646455628165,0.6929646455628165
3.4000000000000017,1.7353910524340095,0.7353910524340095
3.5000000000000018,1.777817459305202,0.7778174593052021
3.600000000000002,1.8202438661763949,0.8202438661763949
3.700000000000002,1.862670273047588,0.8626702730475879
3.800000000000002,1.9050966799187807,0.9050966799187807
3.900000000000002,1.9475230867899733,0.9475230867899733
4.000000000000002,1.9899494936611664,0.9899494936611664
4.100000000000001,2.0457864376269046,1.0
4.200000000000001,2.105786437626904,1.0
4.300000000000001,2.1657864376269047,1.0
4.4,2.2257864376269043,1.0
4.5,2.285786437626905,1.0
4.6,2.3457864376269044,1.0
4.699999999999999,2.4057864376269045,1.0
4.799999999999999,2.4657864376269045,1.0
4.899999999999999,2.5257864376269046,1.0
4.999999999999998,2.5857864376269046,1.0
5.099999999999998,2.6457864376269047,1.0
5.1999999999999975,2.7057864376269043,1.0
5.299999999999997,2.765786437626905,1.0
5.399999999999997,2.8257864376269044,1.0
5.4999999999999964,2.885786437626904,1.0
5.599999999999996,2.9457864376269045,1.0
5.699999999999996,3.005786437626904,1.0
5.799999999999995,3.0657864376269046,1.0
5.899999999999995,3.1257864376269042,1.0
5.999999999999995,3.185786437626904,1.0
6.099999999999994,3.2457864376269043,1.0
6.199999999999994,3.305786437626904,1.0
6.299999999999994,3.3657864376269044,1.0
6.399999999999993,3.425786437626904,1.0
6.499999999999993,3.485786437626904,1.0
6.5999999999999925,3.545786437626904,1.0
6.699999999999992,3.605786437626904,1.0
6.799999999999992,3.6657864376269043,1.0
6.8999999999999915,3.7257864376269043,1.0
6.999999999999991,3.7857864376269044,1.0
7.099999999999991,3.8457864376269044,1.0
7.19999999999999,3.9057864376269045,1.0
7.29999999999999,3.9657864376269045,1.0
7.39999999999999,4.025786437626904,1.0
7.499999999999989,4.085786437626904,1.0
7.599999999999989,4.145786437626905,1.0
7.699999999999989,4.205786437626904,1.0
7.799999999999988,4.265786437626904,1.0
7.899999999999988,4.325786437626904,1.0
7.999999999999988,4.385786437626904,1.0
8.099999999999987,4.4457864376269045,1.0
8.199999999999987,4.505786437626904,1.0
8.299999999999986,4.565786437626905,1.0
8.399999999999986,4.625786437626903,1.0
8.499999999999986,4.685786437626905,1.0
8.599999999999985,4.745786437626904,1.0
8.699999999999985,4.805786437626905,1.0
8.799999999999985,4.8657864376269035,1.0
8.899999999999984,4.925786437626904,1.0
8.999999999999984,4.9857864376269045,1.0
9.099999999999984,5.045786437626905,1.0
9.199999999999983,5.105786437626904,1.0
9.299999999999983,5.165786437626904,1.0
9.399999999999983,5.225786437626904,1.0
9.499999999999982,5.285786437626905,1.0
9.599999999999982,5.345786437626904,1.0
9.699999999999982,5.4057864376269045,1.0
9.799999999999981,5.465786437626904,1.0
9.89999999999998,5.525786437626904,1.0
9.99999999999998,5.585786437626904,1.0
10.09999999999998,5.645786437626905,1.0
10.19999999999998,5.705786437626904,1.0
10.29999999999998,5.765786437626904,1.0
10.399999999999979,5.8257864376269035,1.0
10.499999999999979,5.885786437626905,1.0
10.599999999999978,5.9457864376269045,1.0
10.699999999999978,6.005786437626904,1.0
10.799999999999978,6.065786437626904,1.0
10.899999999999977,6.125786437626903,1.0
10.999999999999977,6.185786437626904,1.0
11.099999999999977,6.245786437626904,1.0
11.199999999999976,6.305786437626904,1.0
11.299999999999976,6.3657864376269035,1.0
11.399999999999975,6.424218146981741,0.994182807511465
11.499999999999975,6.47608728609833,0.9640233577932774
11.599999999999975,6.52795642521492,0.9338639080750887
11.699999999999974,6.579825564331509,0.9037044583569006
11.799999999999974,6.631694703448098,0.8735450086387124
11.899999999999974,6.683563842564687,0.8433855589205248
11.999999999999973,6.735432981681276,0.8132261092023366
12.099999999999973,6.787302120797866,0.783066659484148
12.199999999999973,6.839171259914455,0.7529072097659604
12.299999999999972,6.891040399031044,0.7227477600477722
12.399999999999972,6.942909538147633,0.692588310329584
12.499999999999972,6.994778677264222,0.6624288606113964
12.599999999999971,7.046647816380812,0.6322694108932078
12.69999999999997,7.098516955497401,0.6021099611750196
12.79999999999997,7.15038609461399,0.571950511456832
12.89999999999997,7.202255233730579,0.5417910617386439
12.99999999999997,7.254124372847168,0.5116316120204556
13.09999999999997,7.305993511963758,0.4814721623022675
13.199999999999969,7.357862651080347,0.45131271258407935
13.299999999999969,7.409731790196936,0.42115326286589116
13.399999999999968,7.461600929313525,0.39099381314770354
13.499999999999968,7.513470068430114,0.36083436342951547
13.599999999999968,7.565339207546704,0.33067491371132673
13.699999999999967,7.617208346663293,0.30051546399313867
13.799999999999967,7.669077485779882,0.27035601427495104
13.899999999999967,7.720946624896471,0.24019656455676286
13.999999999999966,7.77281576401306,0.21003711483857468
14.099999999999966,7.82468490312965,0.1798776651203865
14.199999999999966,7.876554042246239,0.14971821540219843
14.299999999999965,7.928423181362828,0.11955876568401025
14.399999999999965,7.980292320479418,0.08939931596582207
14.499999999999964,8.032161459596006,0.05923986624763444
14.599999999999964,8.084030598712596,0.02908041652944582
14.699999999999964,8.135899737829185,-0.001079033188741807
14.799999999999963,8.187768876945775,-0.031238482906930543
14.899999999999963,8.239638016062363,-0.06139793262511817
14.999999999999963,8.291507155178952,-0.0915573823433058
15.099999999999962,8.343376294295542,-0.12171683206149453
15.199999999999962,8.395245433412132,-0.15187628177968304
15.299999999999962,8.44711457252872,-0.18203573149787067
15.399999999999961,8.498983711645309,-0.2121951812160583
15.499999999999961,8.550852850761899,-0.24235463093424703
15.59999999999996,8.602721989878487,-0.27251408065243465
15.69999999999996,8.654591128995078,-0.3026735303706234
15.79999999999996,8.706460268111666,-0.332832980088811
15.89999999999996,8.758329407228254,-0.36299242980699864
15.99999999999996,8.810198546344845,-0.39315187952518715
16.09999999999996,8.862067685461433,-0.4233113292433748
16.19999999999996,8.913936824578023,-0.4534707789615635
