0.0,0.0,0.0
0.1,0.05999999999999999,0.0
0.2,0.11999999999999998,0.0
0.30000000000000004,0.18,0.0
0.4,0.23999999999999996,0.0
0.5,0.29999999999999993,0.0
0.6,0.36,0.0
0.7,0.42,0.0
0.7999999999999999,0.4799999999999999,0.0
0.8999999999999999,0.5399999999999999,0.0
0.9999999999999999,0.5999999999999999,0.0
1.0999999999999999,0.6599999999999999,0.0
1.2,0.72,0.0
1.3,0.7799999999999999,0.0
1.4000000000000001,0.84,0.0
1.5000000000000002,0.8999999999999998,0.0
1.6000000000000003,0.9599999999999999,0.0
1.7000000000000004,1.014142135623731,0.014142135623731011
1.8000000000000005,1.0565685424949236,0.0565685424949236
1.9000000000000006,1.0989949493661166,0.09899494936611664
2.0000000000000004,1.1414213562373094,0.14142135623730945
2.1000000000000005,1.1838477631085023,0.18384776310850226
2.2000000000000006,1.226274169979695,0.22627416997969507
2.3000000000000007,1.2687005768508879,0.2687005768508879
2.400000000000001,1.311126983722081,0.3111269837220809
2.500000000000001,1.3535533905932737,0.35355339059327373
2.600000000000001,1.3959797974644665,0.39597979746446654
2.700000000000001,1.4384062043356594,0.43840620433565936
2.800000000000001,1.4808326112068522,0.48083261120685217
2.9000000000000012,1.5232590180780452,0.5232590180780452
3.0000000000000013,1.5656854249492378,0.5656854249492378
3.1000000000000014,1.6081118318204308,0.6081118318204308
3.2000000000000015,1.6505382386916234,0.6505382386916234
3.3000000000000016,1.6929646455628165,0.6929646455628165
3.4000000000000017,1.7353910524340095,0.7353910524340095
3.5000000000000018,1.777817459305202,0.7778174593052021
3.600000000000002,1.8202438661763949,0.8202438661763949
3.700000000000002,1.862670273047588,0.8626702730475879
3.800000000000002,1.9050966799187807,0.9050966799187807
3.900000000000002,1.9475230867899733,0.9475230867899733
4.000000000000002,1.9899494936611664,0.9899494936611664
4.100000000000001,2.0457864376269046,1.0
4.200000000000001,2.105786437626904,1.0
4.300000000000001,2.1657864376269047,1.0
4.4,2.2257864376269043,1.0
4.5,2.285786437626905,1.0
4.6,2.3457864376269044,1.0
4.699999999999999,2.4057864376269045,1.0
4.799999999999999,2.4657864376269045,1.0
4.899999999999999,2.5257864376269046,1.0
4.999999999999998,2.5857864376269046,1.0
5.099999999999998,2.6457864376269047,1.0
5.1999999999999975,2.7057864376269043,1.0
5.299999999999997,2.765786437626905,1.0
5.399999999999997,2.8257864376269044,1.0
5.4999999999999964,2.885786437626904,1.0
5.599999999999996,2.9457864376269045,1.0
5.699999999999996,3.005786437626904,1.0
5.799999999999995,3.0657864376269046,1.0
5.899999999999995,3.1257864376269042,1.0
5.999999999999995,3.185786437626904,1.0
6.099999999999994,3.2457864376269043,1.0
6.199999999999994,3.305786437626904,1.0
6.299999999999994,3.3657864376269044,1.0
6.399999999999993,3.425786437626904,1.0
6.499999999999993,3.485786437626904,1.0
6.5999999999999925,3.545786437626904,1.0
6.699999999999992,3.605786437626904,1.0
6.799999999999992,3.6657864376269043,1.0
6.8999999999999915,3.7257864376269043,1.0
6.999999999999991,3.7857864376269044,1.0
7.099999999999991,3.8457864376269044,1.0
7.19999999999999,3.9057864376269045,1.0
7.29999999999999,3.9657864376269045,1.0
7.39999999999999,4.025786437626904,1.0
7.499999999999989,4.085786437626904,1.0
7.599999999999989,4.145786437626905,1.0
7.699999999999989,4.205786437626904,1.0
7.799999999999988,4.265786437626904,1.0
7.899999999999988,4.325786437626904,1.0
7.999999999999988,4.385786437626904,1.0
8.099999999999987,4.4457864376269045,1.0
8.199999999999987,4.505786437626904,1.0
8.299999999999986,4.565786437626905,1.0
8.399999999999986,4.625786437626903,1.0
8.499999999999986,4.685786437626905,1.0
8.599999999999985,4.745786437626904,1.0
8.699999999999985,4.805786437626905,1.0
8.799999999999985,4.8657864376269035,1.0
8.899999999999984,4.925786437626904,1.0
8.999999999999984,4.9857864376269045,1.0
9.099999999999984,5.045786437626905,1.0
9.199999999999983,5.105786437626904,1.0
9.299999999999983,5.165786437626904,1.0
9.399999999999983,5.225786437626904,1.0
9.499999999999982,5.285786437626905,1.0
9.599999999999982,5.345786437626904,1.0
9.699999999999982,5.4057864376269045,1.0
9.799999999999981,5.465786437626904,1.0
9.89999999999998,5.525786437626904,1.0
9.99999999999998,5.585786437626904,1.0
10.09999999999998,5.645786437626905,1.0
10.19999999999998,5.705786437626904,1.0
10.29999999999998,5.765786437626904,1.0
10.399999999999979,5.8257864376269035,1.0
10.499999999999979,5.885786437626905,1.0
10.599999999999978,5.9457864376269045,1.0
10.699999999999978,6.005786437626904,1.0
10.799999999999978,6.065786437626904,1.0
10.899999999999977,6.125786437626903,1.0
10.999999999999977,6.185786437626904,1.0
11.099999999999977,6.245786437626904,1.0
11.199999999999976,6.305786437626904,1.0
11.299999999999976,6.3657864376269035,1.0
11.399999999999975,6.424193231944272,0.9941401675032164
11.499999999999975,6.475933198127135,0.9637596490843982
11.599999999999975,6.5276731643099986,0.9333791306655794
11.699999999999974,6.579413130492862,0.9029986122467613
11.799999999999974,6.631153096675725,0.8726180938279431
11.899999999999974,6.682893062858588,0.8422375754091248
11.999999999999973,6.734633029041451,0.8118570569903066
12.099999999999973,6.786372995224315,0.7814765385714879
12.199999999999973,6.8381129614071785,0.7510960201526692
12.299999999999972,6.8898529275900415,0.7207155017338509
12.399999999999972,6.941592893772905,0.6903349833150327
12.499999999999972,6.993332859955768,0.6599544648962146
12.599999999999971,7.0450728261386315,0.6295739464773957
12.69999999999997,7.0968127923214945,0.5991934280585776
12.79999999999997,7.148552758504358,0.5688129096397594
12.89999999999997,7.200292724687221,0.5384323912209412
12.99999999999997,7.252032690870084,0.508051872802123
13.09999999999997,7.3037726570529475,0.4776713543833042
13.199999999999969,7.355512623235811,0.44729083596448604
13.299999999999969,7.4072525894186745,0.4169103175456673
13.399999999999968,7.4589925556015375,0.38652979912684915
13.499999999999968,7.5107325217844005,0.35614928070803087
13.599999999999968,7.5624724879672645,0.32576876228921214
13.699999999999967,7.6142124541501275,0.295388243870394
13.799999999999967,7.6659524203329905,0.2650077254515757
13.899999999999967,7.7176923865158535,0.23462720703275752
13.999999999999966,7.769432352698717,0.20424668861393935
14.099999999999966,7.821172318881581,0.17386617019512007
14.199999999999966,7.872912285064444,0.1434856517763019
14.299999999999965,7.924652251247307,0.11310513335748362
14.399999999999965,7.9763922174301705,0.08272461493866545
14.499999999999964,8.028132183613033,0.05234409651984728
14.599999999999964,8.079872149795897,0.021963578101029002
14.699999999999964,8.131612115978761,-0.008416940317790278
14.799999999999963,8.183352082161624,-0.03879745873660845
14.899999999999963,8.235092048344487,-0.06917797715542662
14.999999999999963,8.28683201452735,-0.09955849557424479
15.099999999999962,8.338571980710213,-0.12993901399306296
15.199999999999962,8.390311946893076,-0.16031953241188135
15.299999999999962,8.44205191307594,-0.19070005083069952
15.399999999999961,8.493791879258803,-0.2210805692495177
15.499999999999961,8.545531845441666,-0.25146108766833586
15.59999999999996,8.59727181162453,-0.28184160608715514
15.69999999999996,8.649011777807393,-0.3122221245059733
15.79999999999996,8.700751743990256,-0.3426026429247915
15.89999999999996,8.75249171017312,-0.37298316134360987
15.99999999999996,8.804231676355982,-0.40336367976242804
16.09999999999996,8.855971642538846,-0.4337441981812462
16.19999999999996,8.90771160872171,-0.4641247166000655
