0.0,0.0,0.0
0.1,0.05999999999999999,0.0
0.2,0.11999999999999998,0.0
0.30000000000000004,0.18,0.0
0.4,0.23999999999999996,0.0
0.5,0.29999999999999993,0.0
0.6,0.36,0.0
0.7,0.42,0.0
0.7999999999999999,0.4799999999999999,0.0
0.8999999999999999,0.5399999999999999,0.0
0.9999999999999999,0.5999999999999999,0.0
1.0999999999999999,0.6599999999999999,0.0
1.2,0.72,0.0
1.3,0.7799999999999999,0.0
1.4000000000000001,0.84,0.0
1.5000000000000002,0.8999999999999998,0.0
1.6000000000000003,0.9599999999999999,0.0
1.7000000000000004,1.014142135623731,0.014142135623731011
1.8000000000000005,1.0565685424949236,0.0565685424949236
1.9000000000000006,1.0989949493661166,0.09899494936611664
2.0000000000000004,1.1414213562373094,0.14142135623730945
2.1000000000000005,1.1838477631085023,0.18384776310850226
2.2000000000000006,1.226274169979695,0.22627416997969507
2.3000000000000007,1.2687005768508879,0.2687005768508879
2.400000000000001,1.311126983722081,0.3111269837220809
2.500000000000001,1.3535533905932737,0.35355339059327373
2.600000000000001,1.3959797974644665,0.39597979746446654
2.700000000000001,1.4384062043356594,0.43840620433565936
2.800000000000001,1.4808326112068522,0.48083261120685217
2.9000000000000012,1.5232590180780452,0.5232590180780452
3.0000000000000013,1.5656854249492378,0.5656854249492378
3.1000000000000014,1.6081118318204308,0.6081118318204308
3.2000000000000015,1.6505382386916234,0.6505382386916234
3.3000000000000016,1.6929646455628165,0.6929646455628165
3.4000000000000017,1.7353910524340095,0.7353910524340095
3.5000000000000018,1.777817459305202,0.7778174593052021
3.600000000000002,1.8202438661763949,0.8202438661763949
3.700000000000002,1.862670273047588,0.8626702730475879
3.800000000000002,1.9050966799187807,0.9050966799187807
3.900000000000002,1.9475230867899733,0.9475230867899733
4.000000000000002,1.9899494936611664,0.9899494936611664
4.100000000000001,2.0457864376269046,1.0
4.200000000000001,2.105786437626904,1.0
4.300000000000001,2.1657864376269047,1.0
4.4,2.2257864376269043,1.0
4.5,2.285786437626905,1.0
4.6,2.3457864376269044,1.0
4.699999999999999,2.4057864376269045,1.0
4.799999999999999,2.4657864376269045,1.0
4.899999999999999,2.5257864376269046,1.0
4.999999999999998,2.5857864376269046,1.0
5.099999999999998,2.6457864376269047,1.0
5.1999999999999975,2.7057864376269043,1.0
5.299999999999997,2.765786437626905,1.0
5.399999999999997,2.8257864376269044,1.0
5.4999999999999964,2.885786437626904,1.0
5.599999999999996,2.9457864376269045,1.0
5.699999999999996,3.005786437626904,1.0
5.799999999999995,3.0657864376269046,1.0
5.899999999999995,3.1257864376269042,1.0
5.999999999999995,3.185786437626904,1.0
6.099999999999994,3.2457864376269043,1.0
6.199999999999994,3.305786437626904,1.0
6.299999999999994,3.3657864376269044,1.0
6.399999999999993,3.425786437626904,1.0
6.499999999999993,3.485786437626904,1.0
6.5999999999999925,3.545786437626904,1.0
6.699999999999992,3.605786437626904,1.0
6.799999999999992,3.6657864376269043,1.0
6.8999999999999915,3.7257864376269043,1.0
6.999999999999991,3.7857864376269044,1.0
7.099999999999991,3.8457864376269044,1.0
7.19999999999999,3.9057864376269045,1.0
7.29999999999999,3.9657864376269045,1.0
7.39999999999999,4.025786437626904,1.0
7.499999999999989,4.085786437626904,1.0
7.599999999999989,4.145786437626905,1.0
7.699999999999989,4.205786437626904,1.0
7.799999999999988,4.265786437626904,1.0
7.899999999999988,4.325786437626904,1.0
7.999999999999988,4.385786437626904,1.0
8.099999999999987,4.4457864376269045,1.0
8.199999999999987,4.505786437626904,1.0
8.299999999999986,4.565786437626905,1.0
8.399999999999986,4.625786437626903,1.0
8.499999999999986,4.685786437626905,1.0
8.599999999999985,4.745786437626904,1.0
8.699999999999985,4.805786437626905,1.0
8.799999999999985,4.8657864376269035,1.0
8.899999999999984,4.925786437626904,1.0
8.999999999999984,4.9857864376269045,1.0
9.099999999999984,5.045786437626905,1.0
9.199999999999983,5.105786437626904,1.0
9.299999999999983,5.165786437626904,1.0
9.399999999999983,5.225786437626904,1.0
9.499999999999982,5.285786437626905,1.0
9.599999999999982,5.345786437626904,1.0
9.699999999999982,5.4057864376269045,1.0
9.799999999999981,5.465786437626904,1.0
9.89999999999998,5.525786437626904,1.0
9.99999999999998,5.585786437626904,1.0
10.09999999999998,5.645786437626905,1.0
10.19999999999998,5.705786437626904,1.0
10.29999999999998,5.765786437626904,1.0
10.399999999999979,5.8257864376269035,1.0
10.499999999999979,5.885786437626905,1.0
10.599999999999978,5.9457864376269045,1.0
10.699999999999978,6.005786437626904,1.0
10.799999999999978,6.065786437626904,1.0
10.899999999999977,6.125786437626903,1.0
10.999999999999977,6.185786437626904,1.0
11.099999999999977,6.245786437626904,1.0
11.199999999999976,6.305786437626904,1.0
11.299999999999976,6.3657864376269035,1.0
11.399999999999975,6.4244569379335115,0.9946143989408346
11.499999999999975,6.477564097575857,0.9666925509589689
11.599999999999975,6.530671257218203,0.9387707029771026
11.699999999999974,6.583778416860548,0.9108488549952369
11.799999999999974,6.636885576502894,0.8829270070133712
11.899999999999974,6.689992736145239,0.8550051590315055
11.999999999999973,6.7430998957875845,0.8270833110496398
12.099999999999973,6.796207055429931,0.7991614630677737
12.199999999999973,6.849314215072276,0.771239615085908
12.299999999999972,6.9024213747146215,0.7433177671040423
12.399999999999972,6.955528534356967,0.7153959191221766
12.499999999999972,7.008635693999312,0.6874740711403109
12.599999999999971,7.061742853641658,0.6595522231584448
12.69999999999997,7.114850013284004,0.631630375176579
12.79999999999997,7.16795717292635,0.6037085271947129
12.89999999999997,7.2210643325686945,0.5757866792128477
12.99999999999997,7.274171492211041,0.5478648312309815
13.09999999999997,7.327278651853387,0.5199429832491154
13.199999999999969,7.380385811495732,0.49202113526724967
13.299999999999969,7.433492971138078,0.46409928728538397
13.399999999999968,7.486600130780422,0.4361774393035187
13.499999999999968,7.539707290422768,0.40825559132165257
13.599999999999968,7.592814450065115,0.3803337433397864
13.699999999999967,7.64592160970746,0.3524118953579207
13.799999999999967,7.699028769349805,0.324490047376055
13.899999999999967,7.752135928992151,0.2965681993941893
13.999999999999966,7.805243088634496,0.2686463514123236
14.099999999999966,7.858350248276842,0.24072450343045737
14.199999999999966,7.911457407919188,0.21280265544859167
14.299999999999965,7.964564567561533,0.18488080746672597
14.399999999999965,8.017671727203878,0.15695895948486083
14.499999999999964,8.070778886846224,0.12903711150299457
14.599999999999964,8.12388604648857,0.10111526352112843
14.699999999999964,8.176993206130916,0.07319341553926229
14.799999999999963,8.23010036577326,0.04527156755739703
14.899999999999963,8.283207525415605,0.017349719575531775
14.999999999999963,8.336314685057951,-0.010572128406334258
15.099999999999962,8.389421844700298,-0.0384939763882004
15.199999999999962,8.442529004342642,-0.06641582437006566
15.299999999999962,8.495636163984988,-0.0943376723519318
15.399999999999961,8.548743323627335,-0.12225952033379817
15.499999999999961,8.60185048326968,-0.1501813683156632
15.59999999999996,8.654957642912024,-0.17810321629752845
15.69999999999996,8.708064802554372,-0.2060250642793957
15.79999999999996,8.761171962196716,-0.23394691226126096
15.89999999999996,8.81427912183906,-0.261868760243126
15.99999999999996,8.867386281481407,-0.28979060822499236
16.09999999999996,8.920493441123753,-0.3177124562068585
16.19999999999996,8.9736006007661,-0.34563430418872465
16.29999999999996,9.026707760408444,-0.3735561521705899
16.399999999999963,9.07981492005079,-0.40147800015245605
